# ECD Spectrum
# X-Axis:  Wavelength (nm)
# Y-Axis:  &Delta;&epsilon; (10-40 esu2 cm2)
# Y-Axis2: Rvel

# Peak information
#                  X                   Y                  Y2
#     292.6400000000      202.0610000000     1800.1970311788
#     280.6000000000     -159.6660000000    -1483.5288962793
#     271.4500000000     -159.1945000000    -1529.0068974633
#     265.5700000000      127.3417000000     1250.1521182105
#     261.2500000000     -167.9159000000    -1675.7404526065
#     253.9700000000        1.8992000000       19.4966283864
#     252.6100000000      -14.2546000000     -147.1213588390
#     252.2600000000      -21.7439000000     -224.7296016510
#     245.7600000000       82.0497000000      870.4363725575
#     232.7600000000        5.0095000000       56.1121957651
#     231.3200000000        6.0621000000       68.3252365341
#     230.1700000000       23.7772000000      269.3290656260
#     229.3100000000      -21.8928000000     -248.9141276306
#     226.2200000000       13.2707000000      152.9445706938
#     223.7100000000      -27.9847000000     -326.1418189825
#     223.0300000000      -17.5051000000     -204.6315260215
#     221.5000000000       28.1764000000      331.6522933563
#     217.5700000000       11.2569000000      134.8935013784
#     217.0000000000       -6.5400000000      -78.5758785940
#     215.9900000000      -66.6078000000     -804.0122696165
#     215.2100000000        9.4561000000      114.5567911474
#     212.5900000000      -35.2272000000     -432.0226578751
#     211.8600000000       27.0914000000      333.3908773517
#     210.7000000000       58.5411000000      724.3818736585
#     206.8500000000      -27.9307000000     -352.0444695904
#     205.6700000000       -4.1599000000      -52.7330843580
#     202.9500000000       32.3961000000      416.1739634375
#     200.2100000000      -30.9227000000     -402.6826080756
#     199.1500000000       21.2188000000      277.7868863451
#     196.6900000000      -38.3057000000     -507.7528316008

# Spectra
#                  X                   Y               DY/DX
      100.0000000000       -0.0000000000       -0.0000000000
      100.6000000000       -0.0000000000       -0.0000000000
      101.2000000000       -0.0000000000       -0.0000000000
      101.8000000000       -0.0000000000       -0.0000000000
      102.4000000000       -0.0000000000       -0.0000000000
      103.0000000000       -0.0000000000       -0.0000000000
      103.6000000000       -0.0000000000       -0.0000000000
      104.2000000000       -0.0000000000       -0.0000000000
      104.8000000000       -0.0000000000       -0.0000000000
      105.4000000000       -0.0000000000       -0.0000000000
      106.0000000000       -0.0000000000       -0.0000000000
      106.6000000000       -0.0000000000       -0.0000000000
      107.2000000000       -0.0000000000       -0.0000000000
      107.8000000000       -0.0000000000       -0.0000000000
      108.4000000000       -0.0000000000       -0.0000000000
      109.0000000000       -0.0000000000       -0.0000000000
      109.6000000000       -0.0000000000       -0.0000000000
      110.2000000000       -0.0000000000       -0.0000000000
      110.8000000000       -0.0000000000       -0.0000000000
      111.4000000000       -0.0000000000       -0.0000000000
      112.0000000000       -0.0000000000       -0.0000000000
      112.6000000000       -0.0000000000       -0.0000000000
      113.2000000000       -0.0000000000       -0.0000000000
      113.8000000000       -0.0000000000       -0.0000000000
      114.4000000000       -0.0000000000       -0.0000000000
      115.0000000000       -0.0000000000       -0.0000000000
      115.6000000000       -0.0000000000       -0.0000000000
      116.2000000000       -0.0000000000       -0.0000000000
      116.8000000000       -0.0000000000       -0.0000000000
      117.4000000000       -0.0000000000       -0.0000000000
      118.0000000000       -0.0000000000       -0.0000000000
      118.6000000000       -0.0000000000       -0.0000000000
      119.2000000000       -0.0000000000       -0.0000000000
      119.8000000000       -0.0000000000       -0.0000000000
      120.4000000000       -0.0000000000       -0.0000000000
      121.0000000000       -0.0000000000       -0.0000000000
      121.6000000000       -0.0000000000       -0.0000000000
      122.2000000000       -0.0000000000       -0.0000000000
      122.8000000000       -0.0000000000       -0.0000000000
      123.4000000000       -0.0000000000       -0.0000000000
      124.0000000000       -0.0000000000       -0.0000000000
      124.6000000000       -0.0000000000       -0.0000000000
      125.2000000000       -0.0000000000       -0.0000000000
      125.8000000000       -0.0000000000       -0.0000000000
      126.4000000000       -0.0000000000       -0.0000000000
      127.0000000000       -0.0000000000       -0.0000000000
      127.6000000000       -0.0000000000       -0.0000000000
      128.2000000000       -0.0000000000       -0.0000000000
      128.8000000000       -0.0000000000       -0.0000000000
      129.4000000000       -0.0000000000       -0.0000000000
      130.0000000000       -0.0000000000       -0.0000000000
      130.6000000000       -0.0000000000       -0.0000000000
      131.2000000000       -0.0000000000       -0.0000000000
      131.8000000000       -0.0000000000       -0.0000000000
      132.4000000000       -0.0000000000       -0.0000000000
      133.0000000000       -0.0000000000       -0.0000000000
      133.6000000000       -0.0000000000       -0.0000000000
      134.2000000000       -0.0000000000       -0.0000000000
      134.8000000000       -0.0000000000       -0.0000000000
      135.4000000000       -0.0000000000       -0.0000000000
      136.0000000000       -0.0000000000       -0.0000000000
      136.6000000000       -0.0000000000       -0.0000000000
      137.2000000000       -0.0000000000       -0.0000000000
      137.8000000000       -0.0000000000       -0.0000000000
      138.4000000000       -0.0000000000       -0.0000000000
      139.0000000000       -0.0000000000       -0.0000000000
      139.6000000000       -0.0000000000       -0.0000000000
      140.2000000000       -0.0000000000       -0.0000000000
      140.8000000000       -0.0000000000       -0.0000000000
      141.4000000000       -0.0000000000       -0.0000000000
      142.0000000000       -0.0000000000       -0.0000000000
      142.6000000000       -0.0000000000       -0.0000000000
      143.2000000000       -0.0000000000       -0.0000000000
      143.8000000000       -0.0000000000       -0.0000000000
      144.4000000000       -0.0000000000       -0.0000000000
      145.0000000000       -0.0000000000       -0.0000000000
      145.6000000000       -0.0000000000       -0.0000000000
      146.2000000000       -0.0000000000       -0.0000000000
      146.8000000000       -0.0000000000       -0.0000000000
      147.4000000000       -0.0000000000       -0.0000000000
      148.0000000000       -0.0000000000       -0.0000000000
      148.6000000000       -0.0000000001       -0.0000000000
      149.2000000000       -0.0000000002       -0.0000000000
      149.8000000000       -0.0000000004       -0.0000000000
      150.4000000000       -0.0000000009       -0.0000000000
      151.0000000000       -0.0000000019       -0.0000000000
      151.6000000000       -0.0000000041       -0.0000000000
      152.2000000000       -0.0000000087       -0.0000000000
      152.8000000000       -0.0000000180       -0.0000000000
      153.4000000000       -0.0000000366       -0.0000000000
      154.0000000000       -0.0000000732       -0.0000000000
      154.6000000000       -0.0000001439       -0.0000000000
      155.2000000000       -0.0000002781       -0.0000000000
      155.8000000000       -0.0000005281       -0.0000000000
      156.4000000000       -0.0000009864       -0.0000000000
      157.0000000000       -0.0000018126       -0.0000000000
      157.6000000000       -0.0000032779       -0.0000000000
      158.2000000000       -0.0000058357       -0.0000000000
      158.8000000000       -0.0000102309       -0.0000000000
      159.4000000000       -0.0000176676       -0.0000000000
      160.0000000000       -0.0000300618       -0.0000000000
      160.6000000000       -0.0000504140       -0.0000000001
      161.2000000000       -0.0000833498       -0.0000000003
      161.8000000000       -0.0001358921       -0.0000000009
      162.4000000000       -0.0002185419       -0.0000000023
      163.0000000000       -0.0003467681       -0.0000000059
      163.6000000000       -0.0005430231       -0.0000000146
      164.2000000000       -0.0008394214       -0.0000000350
      164.8000000000       -0.0012812394       -0.0000000821
      165.4000000000       -0.0019314012       -0.0000001876
      166.0000000000       -0.0028761269       -0.0000004174
      166.6000000000       -0.0042319059       -0.0000009056
      167.2000000000       -0.0061539420       -0.0000019170
      167.8000000000       -0.0088461668       -0.0000039600
      168.4000000000       -0.0125728587       -0.0000079872
      169.0000000000       -0.0176718075       -0.0000157358
      169.6000000000       -0.0245688486       -0.0000302943
      170.2000000000       -0.0337934444       -0.0000570146
      170.8000000000       -0.0459948240       -0.0001049387
      171.4000000000       -0.0619580100       -0.0001889621
      172.0000000000       -0.0826188729       -0.0003330159
      172.6000000000       -0.1090771733       -0.0005745978
      173.2000000000       -0.1426063936       -0.0009710114
      173.8000000000       -0.1846590440       -0.0016076608
      174.4000000000       -0.2368660660       -0.0026086620
      175.0000000000       -0.3010289694       -0.0041498601
      175.6000000000       -0.3791034415       -0.0064740412
      176.2000000000       -0.4731733666       -0.0099077028
      176.8000000000       -0.5854144959       -0.0148781866
      177.4000000000       -0.7180474108       -0.0219293213
      178.0000000000       -0.8732799149       -0.0317330303
      178.6000000000       -1.0532395525       -0.0450937268
      179.2000000000       -1.2598975618       -0.0629418711
      179.8000000000       -1.4949861928       -0.0863129564
      180.4000000000       -1.7599119156       -0.1163085497
      181.0000000000       -2.0556675850       -0.1540369687
      181.6000000000       -2.3827470534       -0.2005327696
      182.2000000000       -2.7410660225       -0.2566564260
      182.8000000000       -3.1298930470       -0.3229782583
      183.4000000000       -3.5477945384       -0.3996535666
      184.0000000000       -3.9925973515       -0.4862986971
      184.6000000000       -4.4613720672       -0.5818800107
      185.2000000000       -4.9504394298       -0.6846290177
      185.8000000000       -5.4554015794       -0.7919969306
      186.4000000000       -5.9711987720       -0.9006603310
      187.0000000000       -6.4921912498       -1.0065864946
      187.6000000000       -7.0122648612       -1.1051623234
      188.2000000000       -7.5249579834       -1.1913851723
      188.8000000000       -8.0236063316       -1.2601076974
      189.4000000000       -8.5015013847       -1.3063228818
      190.0000000000       -8.9520574774       -1.3254703384
      190.6000000000       -9.3689821183       -1.3137415155
      191.2000000000       -9.7464438371       -1.2683600380
      191.8000000000      -10.0792318378       -1.1878143668
      192.4000000000      -10.3629019443       -1.0720232328
      193.0000000000      -10.5939037668       -0.9224195758
      193.6000000000      -10.7696846529       -0.7419454428
      194.2000000000      -10.8887668030       -0.5349577079
      194.8000000000      -10.9507948752       -0.3070517712
      195.4000000000      -10.9565524421       -0.0648167673
      196.0000000000      -10.9079467430        0.1844593713
      196.6000000000      -10.8079622616        0.4331138374
      197.2000000000      -10.6605846904        0.6734400495
      197.8000000000      -10.4706978060        0.8980055314
      198.4000000000      -10.2439566094        1.0999393049
      199.0000000000       -9.9866407827        1.2731758427
      199.6000000000       -9.7054930390        1.4126475275
      200.2000000000       -9.4075472953        1.5144224050
      200.8000000000       -9.0999517672        1.5757882730
      201.4000000000       -8.7897920802        1.5952874236
      202.0000000000       -8.4839193150        1.5727084276
      202.6000000000       -8.1887875806        1.5090422156
      203.2000000000       -7.9103052513        1.4064095084
      203.8000000000       -7.6537034340        1.2679656758
      204.4000000000       -7.4234245906        1.0977876947
      205.0000000000       -7.2230335322        0.9007464175
      205.6000000000       -7.0551522745        0.6823661458
      206.2000000000       -6.9214195107        0.4486727763
      206.8000000000       -6.8224747467        0.2060316479
      207.4000000000       -6.7579664791       -0.0390233334
      208.0000000000       -6.7265831894       -0.2799667919
      208.6000000000       -6.7261053979       -0.5104615074
      209.2000000000       -6.7534765823       -0.7245356231
      209.8000000000       -6.8048904111       -0.9167514481
      210.4000000000       -6.8758914970       -1.0823592092
      211.0000000000       -6.9614867141       -1.2174290011
      211.6000000000       -7.0562640640       -1.3189546855
      212.2000000000       -7.1545160994       -1.3849245868
      212.8000000000       -7.2503650138       -1.4143554367
      213.4000000000       -7.3378866804       -1.4072879840
      214.0000000000       -7.4112311465       -1.3647448232
      214.6000000000       -7.4647373618       -1.2886531095
      215.2000000000       -7.4930402231       -1.1817367410
      215.8000000000       -7.4911683392       -1.0473841339
      216.4000000000       -7.4546312517       -0.8894987968
      217.0000000000       -7.3794951770       -0.7123404656
      217.6000000000       -7.2624466521       -0.5203645798
      218.2000000000       -7.1008437663       -0.3180674181
      218.8000000000       -6.8927549358       -0.1098433337
      219.4000000000       -6.6369854192        0.1001406455
      220.0000000000       -6.3330919862        0.3080489601
      220.6000000000       -5.9813863262        0.5104579503
      221.2000000000       -5.5829279246        0.7044115335
      221.8000000000       -5.1395072427        0.8874523796
      222.4000000000       -4.6536201107        1.0576299511
      223.0000000000       -4.1284342907        1.2134876705
      223.6000000000       -3.5677491835        1.3540321384
      224.2000000000       -2.9759496502        1.4786877599
      224.8000000000       -2.3579548984        1.5872403479
      225.4000000000       -1.7191633439        1.6797733117
      226.0000000000       -1.0653943122        1.7565999138
      226.6000000000       -0.4028273854        1.8181948447
      227.2000000000        0.2620598561        1.8651280431
      227.8000000000        0.9225550148        1.8980033079
      228.4000000000        1.5717743556        1.9174038332
      229.0000000000        2.2027260219        1.9238463633
      229.6000000000        2.8083724794        1.9177452259
      230.2000000000        3.3816917340        1.8993870597
      230.8000000000        3.9157369139        1.8689166262
      231.4000000000        4.4036938499        1.8263336795
      232.0000000000        4.8389363250        1.7715004715
      232.6000000000        5.2150786975        1.7041591009
      233.2000000000        5.5260256318        1.6239575797
      233.8000000000        5.7660186968        1.5304831941
      234.4000000000        5.9296796199        1.4233014955
      235.0000000000        6.0120500043        1.3019990706
      235.6000000000        6.0086273420        1.1662281222
      236.2000000000        5.9153971796        1.0157508461
      236.8000000000        5.7288613147        0.8504816195
      237.4000000000        5.4460619257        0.6705251229
      238.0000000000        5.0646015659        0.4762086939
      238.6000000000        4.5826589749        0.2681074602
      239.2000000000        3.9990006913        0.0470610969
      239.8000000000        3.3129884778       -0.1858185984
      240.4000000000        2.5245825983       -0.4291497447
      241.0000000000        1.6343410164       -0.6812920753
      241.6000000000        0.6434146134       -0.9403679524
      242.2000000000       -0.4464614490       -1.2042919926
      242.8000000000       -1.6329800687       -1.4708082646
      243.4000000000       -2.9132780665       -1.7375337413
      244.0000000000       -4.2839553751       -2.0020064596
      244.6000000000       -5.7410973301       -2.2617366892
      245.2000000000       -7.2802998254       -2.5142593204
      245.8000000000       -8.8966970797       -2.7571856694
      246.4000000000      -10.5849917499       -2.9882529573
      247.0000000000      -12.3394871173       -3.2053698387
      247.6000000000      -14.1541210715       -3.4066565399
      248.2000000000      -16.0225016103       -3.5904783945
      248.8000000000      -17.9379435800       -3.7554718352
      249.4000000000      -19.8935063820       -3.9005621929
      250.0000000000      -21.8820323782       -4.0249729632
      250.6000000000      -23.8961857390       -4.1282265097
      251.2000000000      -25.9284914858       -4.2101364726
      251.8000000000      -27.9713744941       -4.2707924266
      252.4000000000      -30.0171982354       -4.3105375813
      253.0000000000      -32.0583030525       -4.3299405241
      253.6000000000      -34.0870437741       -4.3297621693
      254.2000000000      -36.0958264939       -4.3109191958
      254.8000000000      -38.0771443502       -4.2744453195
      255.4000000000      -40.0236121589       -4.2214517653
      256.0000000000      -41.9279997658       -4.1530882729
      256.6000000000      -43.7832639980       -4.0705058947
      257.2000000000      -45.5825791053       -3.9748227304
      257.8000000000      -47.3193655961       -3.8670935957
      258.4000000000      -48.9873173810       -3.7482844486
      259.0000000000      -50.5804271492       -3.6192522019
      259.6000000000      -52.0930099105       -3.4807303478
      260.2000000000      -53.5197246440       -3.3333206111
      260.8000000000      -54.8555940048       -3.1774906387
      261.4000000000      -56.0960220438       -3.0135775400
      262.0000000000      -57.2368099055       -2.8417969104
      262.6000000000      -58.2741694746       -2.6622568079
      263.2000000000      -59.2047349477       -2.4749760190
      263.8000000000      -60.0255723153       -2.2799058397
      264.4000000000      -60.7341867437       -2.0769545197
      265.0000000000      -61.3285278543       -1.8660134652
      265.6000000000      -61.8069929059       -1.6469842815
      266.2000000000      -62.1684278912       -1.4198057420
      266.8000000000      -62.4121265678       -1.1844798078
      267.4000000000      -62.5378274510       -0.9410958843
      268.0000000000      -62.5457088066       -0.6898525810
      268.6000000000      -62.4363816859       -0.4310763420
      269.2000000000      -62.2108810606       -0.1652364246
      269.8000000000      -61.8706551167        0.1070441718
      270.4000000000      -61.4175527830        0.3849820980
      271.0000000000      -60.8538095732        0.6676315113
      271.6000000000      -60.1820318327        0.9538864122
      272.2000000000      -59.4051794886        1.2424873561
      272.8000000000      -58.5265474094        1.5320323233
      273.4000000000      -57.5497454899        1.8209914295
      274.0000000000      -56.4786775819        2.1077250711
      274.6000000000      -55.3175193993        2.3905050272
      275.2000000000      -54.0706955316        2.6675379826
      275.8000000000      -52.7428557021        2.9369908963
      276.4000000000      -51.3388504149        3.1970176150
      277.0000000000      -49.8637061327        3.4457861238
      277.6000000000      -48.3226001323        3.6815058318
      278.2000000000      -46.7208351828        3.9024543144
      278.8000000000      -45.0638141932        4.1070029647
      279.4000000000      -43.3570149698        4.2936410529
      280.0000000000      -41.6059652257        4.4609977476
      280.6000000000      -39.8162179780        4.6078617134
      281.2000000000      -37.9933274612        4.7331979653
      281.8000000000      -36.1428256842        4.8361617337
      282.4000000000      -34.2701997461        4.9161091636
      283.0000000000      -32.3808700208        4.9726047435
      283.6000000000      -30.4801693125        5.0054254316
      284.2000000000      -28.5733230719        5.0145615117
      284.8000000000      -26.6654307563        5.0002142744
      285.4000000000      -24.7614484057        4.9627906760
      286.0000000000      -22.8661724955        4.9028951766
      286.6000000000      -20.9842251173        4.8213190036
      287.2000000000      -19.1200405279        4.7190271199
      287.8000000000      -17.2778530963        4.5971432050
      288.4000000000      -15.4616866675        4.4569329774
      289.0000000000      -13.6753453523        4.2997861957
      289.6000000000      -11.9224057418        4.1271976844
      290.2000000000      -10.2062105362        3.9407477237
      290.8000000000       -8.5298635678        3.7420821380
      291.4000000000       -6.8962261902        3.5328923978
      292.0000000000       -5.3079149978        3.3148960371
      292.6000000000       -3.7673008314        3.0898176567
      293.2000000000       -2.2765090198        2.8593707636
      293.8000000000       -0.8374208017        2.6252406627
      294.4000000000        0.5483241336        2.3890685856
      295.0000000000        1.8793240532        2.1524372116
      295.6000000000        3.1544106042        1.9168576992
      296.2000000000        4.3726433268        1.6837583165
      296.8000000000        5.5333033325        1.4544747264
      297.4000000000        6.6358862230        1.2302419524
      298.0000000000        7.6800943286        1.0121880227
      298.6000000000        8.6658283427        0.8013292634
      299.2000000000        9.5931784320        0.5985671912
      299.8000000000       10.4624148973        0.4046869319
      300.4000000000       11.2739784608        0.2203570761
      301.0000000000       12.0284702552        0.0461308672
      301.6000000000       12.7266415831       -0.1175513930
      302.2000000000       13.3693835183       -0.2703588458
      302.8000000000       13.9577164120       -0.4120656148
      303.4000000000       14.4927793685       -0.5425455149
      304.0000000000       14.9758197480       -0.6617660670
      304.6000000000       15.4081827511       -0.7697819480
      305.2000000000       15.7913011380       -0.8667280089
      305.8000000000       16.1266851280       -0.9528119807
      306.4000000000       16.4159125227       -1.0283069889
      307.0000000000       16.6606190922       -1.0935439826
      307.6000000000       16.8624892588       -1.1489041807
      308.2000000000       17.0232471097       -1.1948116254
      308.8000000000       17.1446477644       -1.2317259227
      309.4000000000       17.2284691200       -1.2601352421
      310.0000000000       17.2765039942       -1.2805496344
      310.6000000000       17.2905526804       -1.2934947182
      311.2000000000       17.2724159269       -1.2995057753
      311.8000000000       17.2238883491       -1.2991222848
      312.4000000000       17.1467522800       -1.2928829196
      313.0000000000       17.0427720609       -1.2813210165
      313.6000000000       16.9136887722       -1.2649605275
      314.2000000000       16.7612154020       -1.2443124499
      314.8000000000       16.5870324457       -1.2198717290
      315.4000000000       16.3927839310       -1.1921146211
      316.0000000000       16.1800738576       -1.1614964978
      316.6000000000       15.9504630413       -1.1284500734
      317.2000000000       15.7054663494       -1.0933840291
      317.8000000000       15.4465503143       -1.0566820089
      318.4000000000       15.1751311097       -1.0187019579
      319.0000000000       14.8925728733       -0.9797757752
      319.6000000000       14.6001863606       -0.9402092498
      320.2000000000       14.2992279105       -0.9002822502
      320.8000000000       13.9908987074       -0.8602491377
      321.4000000000       13.6763443194       -0.8203393746
      322.0000000000       13.3566544967       -0.7807582981
      322.6000000000       13.0328632101       -0.7416880347
      323.2000000000       12.7059489133       -0.7032885279
      323.8000000000       12.3768350095       -0.6656986563
      324.4000000000       12.0463905064       -0.6290374196
      325.0000000000       11.7154308404       -0.5934051736
      325.6000000000       11.3847188553       -0.5588848929
      326.2000000000       11.0549659181       -0.5255434482
      326.8000000000       10.7268331564       -0.4934328814
      327.4000000000       10.4009328021       -0.4625916653
      328.0000000000       10.0778296278       -0.4330459394
      328.6000000000        9.7580424621       -0.4048107090
      329.2000000000        9.4420457689       -0.3778910024
      329.8000000000        9.1302712818       -0.3522829783
      330.4000000000        8.8231096790       -0.3279749790
      331.0000000000        8.5209122894       -0.3049485258
      331.6000000000        8.2239928198       -0.2831792526
      332.2000000000        7.9326290932       -0.2626377787
      332.8000000000        7.6470647904       -0.2432905169
      333.4000000000        7.3675111861       -0.2251004194
      334.0000000000        7.0941488737       -0.2080276612
      334.6000000000        6.8271294700       -0.1920302623
      335.2000000000        6.5665772964       -0.1770646510
      335.8000000000        6.3125910300       -0.1630861696
      336.4000000000        6.0652453195       -0.1500495266
      337.0000000000        5.8245923632       -0.1379091962
      337.6000000000        5.5906634442       -0.1266197701
      338.2000000000        5.3634704209       -0.1161362622
      338.8000000000        5.1430071693       -0.1064143727
      339.4000000000        4.9292509752       -0.0974107110
      340.0000000000        4.7221638756       -0.0890829838
      340.6000000000        4.5216939463       -0.0813901491
      341.2000000000        4.3277765364       -0.0742925408
      341.8000000000        4.1403354480       -0.0677519657
      342.4000000000        3.9592840615       -0.0617317761
      343.0000000000        3.7845264061       -0.0561969207
      343.6000000000        3.6159581762       -0.0511139765
      344.2000000000        3.4534676936       -0.0464511630
      344.8000000000        3.2969368166       -0.0421783426
      345.4000000000        3.1462417970       -0.0382670074
      346.0000000000        3.0012540860       -0.0346902561
      346.6000000000        2.8618410892       -0.0314227606
      347.2000000000        2.7278668740       -0.0284407256
      347.8000000000        2.5991928290       -0.0257218427
      348.4000000000        2.4756782777       -0.0232452379
      349.0000000000        2.3571810480       -0.0209914172
      349.6000000000        2.2435579991       -0.0189422077
      350.2000000000        2.1346655072       -0.0170806981
      350.8000000000        2.0303599126       -0.0153911776
      351.4000000000        1.9304979285       -0.0138590739
      352.0000000000        1.8349370141       -0.0124708924
      352.6000000000        1.7435357145       -0.0112141548
      353.2000000000        1.6561539672       -0.0100773400
      353.8000000000        1.5726533781       -0.0090498250
      354.4000000000        1.4928974691       -0.0081218290
      355.0000000000        1.4167518979       -0.0072843583
      355.6000000000        1.3440846519       -0.0065291535
      356.2000000000        1.2747662185       -0.0058486391
      356.8000000000        1.2086697322       -0.0052358755
      357.4000000000        1.1456711011       -0.0046845131
      358.0000000000        1.0856491127       -0.0041887486
      358.6000000000        1.0284855230       -0.0037432841
      359.2000000000        0.9740651266       -0.0033432885
      359.8000000000        0.9222758128       -0.0029843608
      360.4000000000        0.8730086061       -0.0026624961
      361.0000000000        0.8261576936       -0.0023740538
      361.6000000000        0.7816204408       -0.0021157274
      362.2000000000        0.7392973949       -0.0018845169
      362.8000000000        0.6990922793       -0.0016777030
      363.4000000000        0.6609119781       -0.0014928232
      364.0000000000        0.6246665123       -0.0013276491
      364.6000000000        0.5902690087       -0.0011801666
      365.2000000000        0.5576356620       -0.0010485562
      365.8000000000        0.5266856911       -0.0009311761
      366.4000000000        0.4973412899       -0.0008265456
      367.0000000000        0.4695275736       -0.0007333309
      367.6000000000        0.4431725214       -0.0006503309
      368.2000000000        0.4182069147       -0.0005764654
      368.8000000000        0.3945642740       -0.0005107631
      369.4000000000        0.3721807917       -0.0004523517
      370.0000000000        0.3509952642       -0.0004004482
      370.6000000000        0.3309490218       -0.0003543503
      371.2000000000        0.3119858577       -0.0003134286
      371.8000000000        0.2940519561       -0.0002771191
      372.4000000000        0.2770958195       -0.0002449172
      373.0000000000        0.2610681966       -0.0002163714
      373.6000000000        0.2459220090       -0.0001910780
      374.2000000000        0.2316122796       -0.0001686766
      374.8000000000        0.2180960601       -0.0001488452
      375.4000000000        0.2053323605       -0.0001312965
      376.0000000000        0.1932820782       -0.0001157744
      376.6000000000        0.1819079291       -0.0001020505
      377.2000000000        0.1711743794       -0.0000899217
      377.8000000000        0.1610475784       -0.0000792067
      378.4000000000        0.1514952932       -0.0000697446
      379.0000000000        0.1424868444       -0.0000613922
      379.6000000000        0.1339930437       -0.0000540221
      380.2000000000        0.1259861322       -0.0000475212
      380.8000000000        0.1184397218       -0.0000417893
      381.4000000000        0.1113287365       -0.0000367371
      382.0000000000        0.1046293568       -0.0000322857
      382.6000000000        0.0983189648       -0.0000283650
      383.2000000000        0.0923760918       -0.0000249129
      383.8000000000        0.0867803667       -0.0000218745
      384.4000000000        0.0815124673       -0.0000192011
      385.0000000000        0.0765540719       -0.0000168497
      385.6000000000        0.0718878135       -0.0000147820
      386.2000000000        0.0674972359       -0.0000129645
      386.8000000000        0.0633667501       -0.0000113674
      387.4000000000        0.0594815940       -0.0000099644
      388.0000000000        0.0558277923       -0.0000087323
      388.6000000000        0.0523921189       -0.0000076506
      389.2000000000        0.0491620601       -0.0000067011
      389.8000000000        0.0461257799       -0.0000058681
      390.4000000000        0.0432720864       -0.0000051373
      391.0000000000        0.0405903997       -0.0000044965
      391.6000000000        0.0380707210       -0.0000039347
      392.2000000000        0.0357036033       -0.0000034423
      392.8000000000        0.0334801232       -0.0000030108
      393.4000000000        0.0313918544       -0.0000026329
      394.0000000000        0.0294308412       -0.0000023018
      394.6000000000        0.0275895751       -0.0000020120
      395.2000000000        0.0258609705       -0.0000017583
      395.8000000000        0.0242383427       -0.0000015363
      396.4000000000        0.0227153870       -0.0000013420
      397.0000000000        0.0212861580       -0.0000011721
      397.6000000000        0.0199450508       -0.0000010234
      398.2000000000        0.0186867821       -0.0000008935
      398.8000000000        0.0175063734       -0.0000007799
      399.4000000000        0.0163991340       -0.0000006806
