# ECD Spectrum
# X-Axis:  Wavelength (nm)
# Y-Axis:  &Delta;&epsilon; (10-40 esu2 cm2)
# Y-Axis2: Rvel

# Peak information
#                  X                   Y                  Y2
#     314.7700000000       60.9243000000      611.7239002121
#     285.5100000000       67.6699000000      749.0873197472
#     279.4600000000     -230.6033000000    -2607.9790481715
#     268.0300000000       27.6512000000      326.0534590972
#     266.6200000000       70.6363000000      837.3238336945
#     265.9700000000       13.4206000000      159.4768004991
#     264.4800000000       52.3732000000      625.8561277438
#     260.3100000000       14.6473000000      177.8381612808
#     253.1600000000       30.1248000000      376.0861327583
#     248.8900000000        4.4899000000       57.0147803591
#     247.1800000000       31.5794000000      403.7836981167
#     245.7500000000      -77.3700000000     -995.0325899066
#     236.8500000000      -25.2819000000     -337.3607511792
#     235.5100000000        3.3031000000       44.3272311488
#     231.2500000000       23.7603000000      324.7344868998
#     230.7600000000       -3.3174000000      -45.4355244055
#     229.0900000000       -9.7969000000     -135.1576953492
#     227.4900000000       -5.9211000000      -82.2618211764
#     224.5500000000        2.9590000000       41.6476154406
#     223.9900000000       28.6315000000      403.9928755767

# Spectra
#                  X                   Y               DY/DX
      250.0000000000       15.3046683259        3.2541348764
      250.4000000000       15.8688727357        3.2746417261
      250.8000000000       16.4192871651        3.2829655547
      251.2000000000       16.9541035092        3.2788734462
      251.6000000000       17.4715606547        3.2621812684
      252.0000000000       17.9699509792        3.2327555067
      252.4000000000       18.4476265754        3.1905149612
      252.8000000000       18.9030051748        3.1354322884
      253.2000000000       19.3345757486        3.0675353652
      253.6000000000       19.7409037639        2.9869084524
      254.0000000000       20.1206360779        2.8936931349
      254.4000000000       20.4725054525        2.7880890134
      254.8000000000       20.7953346745        2.6703541250
      255.2000000000       21.0880402696        2.5408050692
      255.6000000000       21.3496357992        2.3998168187
      256.0000000000       21.5792347327        2.2478221923
      256.4000000000       21.7760528881        2.0853109765
      256.8000000000       21.9394104388        1.9128286770
      257.2000000000       22.0687334836        1.7309748917
      257.6000000000       22.1635551808        1.5404012950
      258.0000000000       22.2235164493        1.3418092324
      258.4000000000       22.2483662410        1.1359469238
      258.8000000000       22.2379613902        0.9236062814
      259.2000000000       22.1922660503        0.7056193538
      259.6000000000       22.1113507255        0.4828544088
      260.0000000000       21.9953909106        0.2562116760
      260.4000000000       21.8446653527        0.0266187733
      260.8000000000       21.6595539476       -0.2049741540
      261.2000000000       21.4405352898       -0.4375995487
      261.6000000000       21.1881838906       -0.6702777750
      262.0000000000       20.9031670851       -0.9020226279
      262.4000000000       20.5862416460       -1.1318469776
      262.8000000000       20.2382501258       -1.3587685009
      263.2000000000       19.8601169473       -1.5818154531
      263.6000000000       19.4528442647       -1.8000324301
      264.0000000000       19.0175076178       -2.0124860732
      264.4000000000       18.5552514010       -2.2182706631
      264.8000000000       18.0672841705       -2.4165135572
      265.2000000000       17.5548738123       -2.6063804204
      265.6000000000       17.0193425942       -2.7870802027
      266.0000000000       16.4620621242       -2.9578698207
      266.4000000000       15.8844482375       -3.1180585014
      266.8000000000       15.2879558361       -3.2670117499
      267.2000000000       14.6740737001       -3.4041549092
      267.6000000000       14.0443192944       -3.5289762797
      268.0000000000       13.4002335899       -3.6410297760
      268.4000000000       12.7433759196       -3.7399370989
      268.8000000000       12.0753188899       -3.8253894082
      269.2000000000       11.3976433631       -3.8971484865
      269.6000000000       10.7119335312       -3.9550473879
      270.0000000000       10.0197720958       -3.9989905729
      270.4000000000        9.3227355700       -4.0289535346
      270.8000000000        8.6223897176       -4.0449819256
      271.2000000000        7.9202851421       -4.0471902013
      271.6000000000        7.2179530383       -4.0357597992
      272.0000000000        6.5169011175       -4.0109368760
      272.4000000000        5.8186097171       -3.9730296322
      272.8000000000        5.1245281028       -3.9224052525
      273.2000000000        4.4360709719       -3.8594864972
      273.6000000000        3.7546151635       -3.7847479799
      274.0000000000        3.0814965832       -3.6987121699
      274.4000000000        2.4180073445       -3.6019451594
      274.8000000000        1.7653931317       -3.4950522349
      275.2000000000        1.1248507873       -3.3786732972
      275.6000000000        0.4975261239       -3.2534781680
      276.0000000000       -0.1154880381       -3.1201618274
      276.4000000000       -0.7131536076       -2.9794396220
      276.8000000000       -1.2944887357       -2.8320424823
      277.2000000000       -1.8585691077       -2.6787121895
      277.6000000000       -2.4045290159       -2.5201967258
      278.0000000000       -2.9315622180       -2.3572457441
      278.4000000000       -3.4389225853       -2.1906061880
      278.8000000000       -3.9259245456       -2.0210180917
      279.2000000000       -4.3919433272       -1.8492105859
      279.6000000000       -4.8364150091       -1.6758981331
      280.0000000000       -5.2588363865       -1.5017770129
      280.4000000000       -5.6587646561       -1.3275220748
      280.8000000000       -6.0358169307       -1.1537837717
      281.2000000000       -6.3896695915       -0.9811854858
      281.6000000000       -6.7200574840       -0.8103211543
      282.0000000000       -7.0267729694       -0.6417532001
      282.4000000000       -7.3096648371       -0.4760107692
      282.8000000000       -7.5686370898       -0.3135882729
      283.2000000000       -7.8036476082       -0.1549442331
      283.6000000000       -8.0147067058       -0.0005004228
      284.0000000000       -8.2018755824        0.1493587055
      284.4000000000       -8.3652646848        0.2942863148
      284.8000000000       -8.5050319850        0.4339732131
      285.2000000000       -8.6213811833        0.5681476331
      285.6000000000       -8.7145598467        0.6965747753
      286.0000000000       -8.7848574900        0.8190561335
      286.4000000000       -8.8326036082        0.9354286184
      286.8000000000       -8.8581656698        1.0455634982
      287.2000000000       -8.8619470765        1.1493651749
      287.6000000000       -8.8443851001        1.2467698159
      288.0000000000       -8.8059488012        1.3377438592
      288.4000000000       -8.7471369392        1.4222824119
      288.8000000000       -8.6684758789        1.5004075604
      289.2000000000       -8.5705175010        1.5721666114
      289.6000000000       -8.4538371234        1.6376302810
      290.0000000000       -8.3190314371        1.6968908489
      290.4000000000       -8.1667164649        1.7500602943
      290.8000000000       -7.9975255463        1.7972684295
      291.2000000000       -7.8121073542        1.8386610437
      291.6000000000       -7.6111239481        1.8743980726
      292.0000000000       -7.3952488669        1.9046518052
      292.4000000000       -7.1651652673        1.9296051370
      292.8000000000       -6.9215641085        1.9494498832
      293.2000000000       -6.6651423894        1.9643851567
      293.6000000000       -6.3966014383        1.9746158213
      294.0000000000       -6.1166452597        1.9803510243
      294.4000000000       -5.8259789396        1.9818028154
      294.8000000000       -5.5253071111        1.9791848548
      295.2000000000       -5.2153324822        1.9727112135
      295.6000000000       -4.8967544272        1.9625952687
      296.0000000000       -4.5702676422        1.9490486943
      296.4000000000       -4.2365608663        1.9322805471
      296.8000000000       -3.8963156686        1.9124964480
      297.2000000000       -3.5502053009        1.8898978563
      297.6000000000       -3.1988936176        1.8646814358
      298.0000000000       -2.8430340607        1.8370385084
      298.4000000000       -2.4832687111        1.8071545942
      298.8000000000       -2.1202274056        1.7752090319
      299.2000000000       -1.7545269174        1.7413746763
      299.6000000000       -1.3867702015        1.7058176696
      300.0000000000       -1.0175457023        1.6686972791
      300.4000000000       -0.6474267227        1.6301657992
      300.8000000000       -0.2769708539        1.5903685103
      301.2000000000        0.0932805358        1.5494436909
      301.6000000000        0.4628027551        1.5075226771
      302.0000000000        0.8310881874        1.4647299644
      302.4000000000        1.1976466347        1.4211833471
      302.8000000000        1.5620056083        1.3769940895
      303.2000000000        1.9237105692        1.3322671255
      303.6000000000        2.2823251194        1.2871012805
      304.0000000000        2.6374311461        1.2415895119
      304.4000000000        2.9886289208        1.1958191647
      304.8000000000        3.3355371547        1.1498722367
      305.2000000000        3.6777930139        1.1038256512
      305.6000000000        4.0150520938        1.0577515330
      306.0000000000        4.3469883574        1.0117174850
      306.4000000000        4.6732940370        0.9657868625
      306.8000000000        4.9936795040        0.9200190422
      307.2000000000        5.3078731051        0.8744696855
      307.6000000000        5.6156209709        0.8291909914
      308.0000000000        5.9166867953        0.7842319401
      308.4000000000        6.2108515898        0.7396385239
      308.8000000000        6.4979134134        0.6954539663
      309.2000000000        6.7776870804        0.6517189260
      309.6000000000        7.0500038473        0.6084716872
      310.0000000000        7.3147110819        0.5657483353
      310.4000000000        7.5716719138        0.5235829172
      310.8000000000        7.8207648706        0.4820075868
      311.2000000000        8.0618834995        0.4410527352
      311.6000000000        8.2949359766        0.4007471072
      312.0000000000        8.5198447053        0.3611179031
      312.4000000000        8.7365459049        0.3221908664
      312.8000000000        8.9449891914        0.2839903602
      313.2000000000        9.1451371508        0.2465394296
      313.6000000000        9.3369649073        0.2098598540
      314.0000000000        9.5204596867        0.1739721882
      314.4000000000        9.6956203762        0.1388957944
      314.8000000000        9.8624570831        0.1046488652
      315.2000000000       10.0209906907        0.0712484389
      315.6000000000       10.1712524149        0.0387104083
      316.0000000000       10.3132833618        0.0070495232
      316.4000000000       10.4471340857       -0.0237206112
      316.8000000000       10.5728641505       -0.0535875408
      317.2000000000       10.6905416938       -0.0825399715
      317.6000000000       10.8002429953       -0.1105677808
      318.0000000000       10.9020520486       -0.1376620306
      318.4000000000       10.9960601398       -0.1638149808
      318.8000000000       11.0823654306       -0.1890201027
      319.2000000000       11.1610725481       -0.2132720926
      319.6000000000       11.2322921816       -0.2365668832
      320.0000000000       11.2961406861       -0.2589016537
      320.4000000000       11.3527396939       -0.2802748379
      320.8000000000       11.4022157342       -0.3006861296
      321.2000000000       11.4446998606       -0.3201364848
      321.6000000000       11.4803272879       -0.3386281208
      322.0000000000       11.5092370372       -0.3561645123
      322.4000000000       11.5315715906       -0.3727503832
      322.8000000000       11.5474765549       -0.3883916950
      323.2000000000       11.5571003353       -0.4030956311
      323.6000000000       11.5605938180       -0.4168705780
      324.0000000000       11.5581100634       -0.4297261014
      324.4000000000       11.5498040086       -0.4416729197
      324.8000000000       11.5358321800       -0.4527228729
      325.2000000000       11.5163524161       -0.4628888888
      325.6000000000       11.4915235996       -0.4721849449
      326.0000000000       11.4615054005       -0.4806260278
      326.4000000000       11.4264580280       -0.4882280891
      326.8000000000       11.3865419933       -0.4950079988
      327.2000000000       11.3419178819       -0.5009834962
      327.6000000000       11.2927461354       -0.5061731379
      328.0000000000       11.2391868433       -0.5105962449
      328.4000000000       11.1813995445       -0.5142728471
      328.8000000000       11.1195430378       -0.5172236264
      329.2000000000       11.0537752024       -0.5194698592
      329.6000000000       10.9842528270       -0.5210333574
      330.0000000000       10.9111314485       -0.5219364092
      330.4000000000       10.8345651989       -0.5222017193
      330.8000000000       10.7547066616       -0.5218523495
      331.2000000000       10.6717067361       -0.5209116590
      331.6000000000       10.5857145108       -0.5194032452
      332.0000000000       10.4968771442       -0.5173508859
      332.4000000000       10.4053397541       -0.5147784813
      332.8000000000       10.3112453145       -0.5117099983
      333.2000000000       10.2147345605       -0.5081694151
      333.6000000000       10.1159458995       -0.5041806684
      334.0000000000       10.0150153314       -0.4997676012
      334.4000000000        9.9120763737       -0.4949539134
      334.8000000000        9.8072599950       -0.4897631137
      335.2000000000        9.7006945544       -0.4842184741
      335.6000000000        9.5925057471       -0.4783429862
      336.0000000000        9.4828165562       -0.4721593203
      336.4000000000        9.3717472110       -0.4656897866
      336.8000000000        9.2594151500       -0.4589562984
      337.2000000000        9.1459349904       -0.4519803388
      337.6000000000        9.0314185020       -0.4447829293
      338.0000000000        8.9159745867       -0.4373846006
      338.4000000000        8.7997092629       -0.4298053668
      338.8000000000        8.6827256542       -0.4220647015
      339.2000000000        8.5651239828       -0.4141815164
      339.6000000000        8.4470015670       -0.4061741431
      340.0000000000        8.3284528232       -0.3980603163
      340.4000000000        8.2095692711       -0.3898571600
      340.8000000000        8.0904395430       -0.3815811762
      341.2000000000        7.9711493967       -0.3732482357
      341.6000000000        7.8517817311       -0.3648735703
      342.0000000000        7.7324166056       -0.3564717688
      342.4000000000        7.6131312623       -0.3480567733
      342.8000000000        7.4940001504       -0.3396418786
      343.2000000000        7.3750949544       -0.3312397331
      343.6000000000        7.2564846231       -0.3228623412
      344.0000000000        7.1382354026       -0.3145210679
      344.4000000000        7.0204108700       -0.3062266443
      344.8000000000        6.9030719702       -0.2979891753
      345.2000000000        6.7862770539       -0.2898181479
      345.6000000000        6.6700819171       -0.2817224415
      346.0000000000        6.5545398429       -0.2737103390
      346.4000000000        6.4397016443       -0.2657895387
      346.8000000000        6.3256157077       -0.2579671675
      347.2000000000        6.2123280392       -0.2502497953
      347.6000000000        6.0998823097       -0.2426434492
      348.0000000000        5.9883199032       -0.2351536295
      348.4000000000        5.8776799639       -0.2277853253
      348.8000000000        5.7679994459       -0.2205430314
      349.2000000000        5.6593131618       -0.2134307651
      349.6000000000        5.5516538329       -0.2064520837
      350.0000000000        5.4450521393       -0.1996101019
      350.4000000000        5.3395367709       -0.1929075096
      350.8000000000        5.2351344778       -0.1863465901
      351.2000000000        5.1318701213       -0.1799292376
      351.6000000000        5.0297667254       -0.1736569756
      352.0000000000        4.9288455273       -0.1675309748
      352.4000000000        4.8291260288       -0.1615520706
      352.8000000000        4.7306260469       -0.1557207808
      353.2000000000        4.6333617644       -0.1500373234
      353.6000000000        4.5373477806       -0.1445016335
      354.0000000000        4.4425971610       -0.1391133800
      354.4000000000        4.3491214870       -0.1338719827
      354.8000000000        4.2569309054       -0.1287766281
      355.2000000000        4.1660341769       -0.1238262854
      355.6000000000        4.0764387244       -0.1190197217
      356.0000000000        3.9881506808       -0.1143555176
      356.4000000000        3.9011749359       -0.1098320809
      356.8000000000        3.8155151831       -0.1054476613
      357.2000000000        3.7311739649       -0.1012003639
      357.6000000000        3.6481527183       -0.0970881621
      358.0000000000        3.5664518189       -0.0931089106
      358.4000000000        3.4860706246       -0.0892603569
      358.8000000000        3.4070075185       -0.0855401535
      359.2000000000        3.3292599508       -0.0819458690
      359.6000000000        3.2528244804       -0.0784749981
      360.0000000000        3.1776968148       -0.0751249723
      360.4000000000        3.1038718502       -0.0718931694
      360.8000000000        3.0313437096       -0.0687769222
      361.2000000000        2.9601057814       -0.0657735275
      361.6000000000        2.8901507558       -0.0628802543
      362.0000000000        2.8214706611       -0.0600943510
      362.4000000000        2.7540568989       -0.0574130529
      362.8000000000        2.6879002787       -0.0548335891
      363.2000000000        2.6229910509       -0.0523531884
      363.6000000000        2.5593189396       -0.0499690854
      364.0000000000        2.4968731743       -0.0476785260
      364.4000000000        2.4356425207       -0.0454787723
      364.8000000000        2.3756153105       -0.0433671074
      365.2000000000        2.3167794704       -0.0413408397
      365.6000000000        2.2591225503       -0.0393973066
      366.0000000000        2.2026317508       -0.0375338785
      366.4000000000        2.1472939492       -0.0357479616
      366.8000000000        2.0930957253       -0.0340370012
      367.2000000000        2.0400233862       -0.0323984841
      367.6000000000        1.9880629901       -0.0308299412
      368.0000000000        1.9372003693       -0.0293289492
      368.4000000000        1.8874211524       -0.0278931329
      368.8000000000        1.8387107862       -0.0265201662
      369.2000000000        1.7910545557       -0.0252077740
      369.6000000000        1.7444376046       -0.0239537331
      370.0000000000        1.6988449541       -0.0227558728
      370.4000000000        1.6542615211       -0.0216120762
      370.8000000000        1.6106721363       -0.0205202803
      371.2000000000        1.5680615609       -0.0194784765
      371.6000000000        1.5264145027       -0.0184847110
      372.0000000000        1.4857156319       -0.0175370844
      372.4000000000        1.4459495956       -0.0166337522
      372.8000000000        1.4071010321       -0.0157729243
      373.2000000000        1.3691545848       -0.0149528646
      373.6000000000        1.3320949144       -0.0141718908
      374.0000000000        1.2959067119       -0.0134283739
      374.4000000000        1.2605747097       -0.0127207373
      374.8000000000        1.2260836932       -0.0120474567
      375.2000000000        1.1924185109       -0.0114070586
      375.6000000000        1.1595640846       -0.0107981202
      376.0000000000        1.1275054188       -0.0102192680
      376.4000000000        1.0962276097       -0.0096691773
      376.8000000000        1.0657158532       -0.0091465709
      377.2000000000        1.0359554536       -0.0086502183
      377.6000000000        1.0069318301       -0.0081789347
      378.0000000000        0.9786305245       -0.0077315797
      378.4000000000        0.9510372072       -0.0073070565
      378.8000000000        0.9241376836       -0.0069043107
      379.2000000000        0.8979178999       -0.0065223291
      379.6000000000        0.8723639478       -0.0061601388
      380.0000000000        0.8474620698       -0.0058168059
      380.4000000000        0.8231986637       -0.0054914342
      380.8000000000        0.7995602866       -0.0051831646
      381.2000000000        0.7765336585       -0.0048911735
      381.6000000000        0.7541056662       -0.0046146719
      382.0000000000        0.7322633660       -0.0043529043
      382.4000000000        0.7109939867       -0.0041051474
      382.8000000000        0.6902849319       -0.0038707094
      383.2000000000        0.6701237825       -0.0036489286
      383.6000000000        0.6504982985       -0.0034391724
      384.0000000000        0.6313964206       -0.0032408364
      384.4000000000        0.6128062717       -0.0030533434
      384.8000000000        0.5947161581       -0.0028761421
      385.2000000000        0.5771145703       -0.0027087065
      385.6000000000        0.5599901840       -0.0025505349
      386.0000000000        0.5433318604       -0.0024011486
      386.4000000000        0.5271286465       -0.0022600915
      386.8000000000        0.5113697754       -0.0021269289
      387.2000000000        0.4960446661       -0.0020012467
      387.6000000000        0.4811429233       -0.0018826506
      388.0000000000        0.4666543372       -0.0017707652
      388.4000000000        0.4525688824       -0.0016652335
      388.8000000000        0.4388767180       -0.0015657156
      389.2000000000        0.4255681862       -0.0014718887
      389.6000000000        0.4126338114       -0.0013834455
      390.0000000000        0.4000642995       -0.0013000943
      390.4000000000        0.3878505363       -0.0012215580
      390.8000000000        0.3759835861       -0.0011475732
      391.2000000000        0.3644546910       -0.0010778901
      391.6000000000        0.3532552685       -0.0010122716
      392.0000000000        0.3423769105       -0.0009504925
      392.4000000000        0.3318113817       -0.0008923396
      392.8000000000        0.3215506173       -0.0008376104
      393.2000000000        0.3115867217       -0.0007861131
      393.6000000000        0.3019119663       -0.0007376660
      394.0000000000        0.2925187878       -0.0006920969
      394.4000000000        0.2833997863       -0.0006492426
      394.8000000000        0.2745477226       -0.0006089488
      395.2000000000        0.2659555170       -0.0005710694
      395.6000000000        0.2576162466       -0.0005354659
      396.0000000000        0.2495231433       -0.0005020076
      396.4000000000        0.2416695916       -0.0004705708
      396.8000000000        0.2340491262       -0.0004410383
      397.2000000000        0.2266554303       -0.0004132996
      397.6000000000        0.2194823326       -0.0003872501
      398.0000000000        0.2125238056       -0.0003627912
      398.4000000000        0.2057739629       -0.0003398294
      398.8000000000        0.1992270573       -0.0003182767
      399.2000000000        0.1928774779       -0.0002980499
      399.6000000000        0.1867197484       -0.0002790706
      400.0000000000        0.1807485244       -0.0002612646
      400.4000000000        0.1749585912       -0.0002445620
      400.8000000000        0.1693448613       -0.0002288969
      401.2000000000        0.1639023724       -0.0002142071
      401.6000000000        0.1586262849       -0.0002004341
      402.0000000000        0.1535118794       -0.0001875226
      402.4000000000        0.1485545549       -0.0001754204
      402.8000000000        0.1437498260       -0.0001640786
      403.2000000000        0.1390933210       -0.0001534510
      403.6000000000        0.1345807793       -0.0001434940
      404.0000000000        0.1302080497       -0.0001341666
      404.4000000000        0.1259710876       -0.0001254304
      404.8000000000        0.1218659531       -0.0001172489
      405.2000000000        0.1178888088       -0.0001095881
      405.6000000000        0.1140359177       -0.0001024158
      406.0000000000        0.1103036408       -0.0000957017
      406.4000000000        0.1066884354       -0.0000894175
      406.8000000000        0.1031868526       -0.0000835364
      407.2000000000        0.0997955356       -0.0000780333
      407.6000000000        0.0965112175       -0.0000728845
      408.0000000000        0.0933307190       -0.0000680680
      408.4000000000        0.0902509471       -0.0000635627
      408.8000000000        0.0872688925       -0.0000593493
      409.2000000000        0.0843816280       -0.0000554091
      409.6000000000        0.0815863067       -0.0000517251
      410.0000000000        0.0788801598       -0.0000482809
      410.4000000000        0.0762604948       -0.0000450613
      410.8000000000        0.0737246942       -0.0000420521
      411.2000000000        0.0712702131       -0.0000392399
      411.6000000000        0.0688945777       -0.0000366120
      412.0000000000        0.0665953836       -0.0000341567
      412.4000000000        0.0643702941       -0.0000318629
      412.8000000000        0.0622170385       -0.0000297202
      413.2000000000        0.0601334106       -0.0000277190
      413.6000000000        0.0581172669       -0.0000258500
      414.0000000000        0.0561665252       -0.0000241047
      414.4000000000        0.0542791627       -0.0000224752
      414.8000000000        0.0524532152       -0.0000209538
      415.2000000000        0.0506867750       -0.0000195337
      415.6000000000        0.0489779895       -0.0000182081
      416.0000000000        0.0473250601       -0.0000169710
      416.4000000000        0.0457262406       -0.0000158165
      416.8000000000        0.0441798358       -0.0000147393
      417.2000000000        0.0426842002       -0.0000137342
      417.6000000000        0.0412377368       -0.0000127966
      418.0000000000        0.0398388957       -0.0000119219
      418.4000000000        0.0384861727       -0.0000111061
      418.8000000000        0.0371781085       -0.0000103453
      419.2000000000        0.0359132872       -0.0000096358
      419.6000000000        0.0346903351       -0.0000089742
      420.0000000000        0.0335079195       -0.0000083573
      420.4000000000        0.0323647481       -0.0000077823
      420.8000000000        0.0312595671       -0.0000072462
      421.2000000000        0.0301911607       -0.0000067465
      421.6000000000        0.0291583500       -0.0000062809
      422.0000000000        0.0281599918       -0.0000058469
      422.4000000000        0.0271949776       -0.0000054424
      422.8000000000        0.0262622329       -0.0000050656
      423.2000000000        0.0253607159       -0.0000047145
      423.6000000000        0.0244894168       -0.0000043875
      424.0000000000        0.0236473567       -0.0000040828
      424.4000000000        0.0228335872       -0.0000037990
      424.8000000000        0.0220471887       -0.0000035347
      425.2000000000        0.0212872706       -0.0000032885
      425.6000000000        0.0205529695       -0.0000030593
      426.0000000000        0.0198434490       -0.0000028459
      426.4000000000        0.0191578987       -0.0000026472
      426.8000000000        0.0184955337       -0.0000024621
      427.2000000000        0.0178555936       -0.0000022899
      427.6000000000        0.0172373416       -0.0000021296
      428.0000000000        0.0166400643       -0.0000019804
      428.4000000000        0.0160630708       -0.0000018415
      428.8000000000        0.0155056919       -0.0000017122
      429.2000000000        0.0149672796       -0.0000015920
      429.6000000000        0.0144472065       -0.0000014800
      430.0000000000        0.0139448649       -0.0000013759
      430.4000000000        0.0134596668       -0.0000012790
      430.8000000000        0.0129910426       -0.0000011889
      431.2000000000        0.0125384410       -0.0000011050
      431.6000000000        0.0121013286       -0.0000010271
      432.0000000000        0.0116791886       -0.0000009545
      432.4000000000        0.0112715213       -0.0000008870
      432.8000000000        0.0108778428       -0.0000008243
      433.2000000000        0.0104976848       -0.0000007660
      433.6000000000        0.0101305942       -0.0000007117
      434.0000000000        0.0097761326       -0.0000006613
      434.4000000000        0.0094338756       -0.0000006143
      434.8000000000        0.0091034128       -0.0000005707
      435.2000000000        0.0087843471       -0.0000005302
      435.6000000000        0.0084762943       -0.0000004925
      436.0000000000        0.0081788826       -0.0000004575
      436.4000000000        0.0078917525       -0.0000004249
      436.8000000000        0.0076145563       -0.0000003947
      437.2000000000        0.0073469576       -0.0000003666
      437.6000000000        0.0070886310       -0.0000003404
      438.0000000000        0.0068392620       -0.0000003161
      438.4000000000        0.0065985462       -0.0000002936
      438.8000000000        0.0063661894       -0.0000002726
      439.2000000000        0.0061419070       -0.0000002531
      439.6000000000        0.0059254240       -0.0000002350
      440.0000000000        0.0057164743       -0.0000002182
      440.4000000000        0.0055148007       -0.0000002026
      440.8000000000        0.0053201546       -0.0000001881
      441.2000000000        0.0051322956       -0.0000001746
      441.6000000000        0.0049509913       -0.0000001621
      442.0000000000        0.0047760171       -0.0000001504
      442.4000000000        0.0046071559       -0.0000001396
      442.8000000000        0.0044441977       -0.0000001296
      443.2000000000        0.0042869397       -0.0000001203
      443.6000000000        0.0041351859       -0.0000001117
      444.0000000000        0.0039887469       -0.0000001036
      444.4000000000        0.0038474394       -0.0000000962
      444.8000000000        0.0037110865       -0.0000000892
      445.2000000000        0.0035795173       -0.0000000828
      445.6000000000        0.0034525665       -0.0000000769
      446.0000000000        0.0033300745       -0.0000000713
      446.4000000000        0.0032118871       -0.0000000662
      446.8000000000        0.0030978551       -0.0000000614
      447.2000000000        0.0029878346       -0.0000000570
      447.6000000000        0.0028816866       -0.0000000529
      448.0000000000        0.0027792765       -0.0000000490
      448.4000000000        0.0026804747       -0.0000000455
      448.8000000000        0.0025851557       -0.0000000422
      449.2000000000        0.0024931983       -0.0000000392
      449.6000000000        0.0024044856       -0.0000000363
      450.0000000000        0.0023189046       -0.0000000337
