# ECD Spectrum
# X-Axis:  Wavelength (nm)
# Y-Axis:  &Delta;&epsilon; (10-40 esu2 cm2)
# Y-Axis2: Rvel

# Peak information
#                  X                   Y                  Y2
#     292.6400000000     -201.9094000000    -1798.8464000827
#     280.6000000000      159.6511000000     1483.3904536519
#     271.4400000000      159.0391000000     1527.5706098715
#     265.5600000000     -127.3581000000    -1250.3602041210
#     261.2400000000      167.8274000000     1674.9213661730
#     253.9600000000       -1.7942000000      -18.4194545422
#     252.6100000000       14.7834000000      152.5790899963
#     252.2700000000       21.2607000000      219.7268772022
#     245.7400000000      -81.9480000000     -869.4282273226
#     232.7600000000       -5.0050000000      -56.0617905588
#     231.3200000000       -6.0489000000      -68.1764608422
#     230.1700000000      -23.7059000000     -268.5214363686
#     229.3200000000       21.8665000000      248.6042636446
#     226.2100000000      -13.3586000000     -153.9644225188
#     223.7100000000       28.0042000000      326.3690776442
#     223.0300000000       17.5643000000      205.3235635614
#     221.5100000000      -28.2411000000     -332.3988425265
#     217.5600000000      -11.3018000000     -135.4377713502
#     217.0000000000        6.6181000000       79.5142235662
#     215.9900000000       66.7203000000      805.3702394088
#     215.2100000000       -9.6895000000     -117.3843368643
#     212.5900000000       35.2202000000      431.9368106149
#     211.8600000000      -26.8057000000     -329.8750098196
#     210.7000000000      -58.7592000000     -727.0806218311
#     206.8600000000       28.0083000000      353.0054906850
#     205.6700000000        4.1976000000       53.2109894231
#     202.9600000000      -32.4348000000     -416.6505902427
#     200.2200000000       30.7397000000      400.2795464301
#     199.1600000000      -21.1839000000     -277.3160664216
#     196.6900000000       38.3466000000      508.2949726088

# Spectra
#                  X                   Y               DY/DX
      100.0000000000        0.0000000000        0.0000000000
      100.6000000000        0.0000000000        0.0000000000
      101.2000000000        0.0000000000        0.0000000000
      101.8000000000        0.0000000000        0.0000000000
      102.4000000000        0.0000000000        0.0000000000
      103.0000000000        0.0000000000        0.0000000000
      103.6000000000        0.0000000000        0.0000000000
      104.2000000000        0.0000000000        0.0000000000
      104.8000000000        0.0000000000        0.0000000000
      105.4000000000        0.0000000000        0.0000000000
      106.0000000000        0.0000000000        0.0000000000
      106.6000000000        0.0000000000        0.0000000000
      107.2000000000        0.0000000000        0.0000000000
      107.8000000000        0.0000000000        0.0000000000
      108.4000000000        0.0000000000        0.0000000000
      109.0000000000        0.0000000000        0.0000000000
      109.6000000000        0.0000000000        0.0000000000
      110.2000000000        0.0000000000        0.0000000000
      110.8000000000        0.0000000000        0.0000000000
      111.4000000000        0.0000000000        0.0000000000
      112.0000000000        0.0000000000        0.0000000000
      112.6000000000        0.0000000000        0.0000000000
      113.2000000000        0.0000000000        0.0000000000
      113.8000000000        0.0000000000        0.0000000000
      114.4000000000        0.0000000000        0.0000000000
      115.0000000000        0.0000000000        0.0000000000
      115.6000000000        0.0000000000        0.0000000000
      116.2000000000        0.0000000000        0.0000000000
      116.8000000000        0.0000000000        0.0000000000
      117.4000000000        0.0000000000        0.0000000000
      118.0000000000        0.0000000000        0.0000000000
      118.6000000000        0.0000000000        0.0000000000
      119.2000000000        0.0000000000        0.0000000000
      119.8000000000        0.0000000000        0.0000000000
      120.4000000000        0.0000000000        0.0000000000
      121.0000000000        0.0000000000        0.0000000000
      121.6000000000        0.0000000000        0.0000000000
      122.2000000000        0.0000000000        0.0000000000
      122.8000000000        0.0000000000        0.0000000000
      123.4000000000        0.0000000000        0.0000000000
      124.0000000000        0.0000000000        0.0000000000
      124.6000000000        0.0000000000        0.0000000000
      125.2000000000        0.0000000000        0.0000000000
      125.8000000000        0.0000000000        0.0000000000
      126.4000000000        0.0000000000        0.0000000000
      127.0000000000        0.0000000000        0.0000000000
      127.6000000000        0.0000000000        0.0000000000
      128.2000000000        0.0000000000        0.0000000000
      128.8000000000        0.0000000000        0.0000000000
      129.4000000000        0.0000000000        0.0000000000
      130.0000000000        0.0000000000        0.0000000000
      130.6000000000        0.0000000000        0.0000000000
      131.2000000000        0.0000000000        0.0000000000
      131.8000000000        0.0000000000        0.0000000000
      132.4000000000        0.0000000000        0.0000000000
      133.0000000000        0.0000000000        0.0000000000
      133.6000000000        0.0000000000        0.0000000000
      134.2000000000        0.0000000000        0.0000000000
      134.8000000000        0.0000000000        0.0000000000
      135.4000000000        0.0000000000        0.0000000000
      136.0000000000        0.0000000000        0.0000000000
      136.6000000000        0.0000000000        0.0000000000
      137.2000000000        0.0000000000        0.0000000000
      137.8000000000        0.0000000000        0.0000000000
      138.4000000000        0.0000000000        0.0000000000
      139.0000000000        0.0000000000        0.0000000000
      139.6000000000        0.0000000000        0.0000000000
      140.2000000000        0.0000000000        0.0000000000
      140.8000000000        0.0000000000        0.0000000000
      141.4000000000        0.0000000000        0.0000000000
      142.0000000000        0.0000000000        0.0000000000
      142.6000000000        0.0000000000        0.0000000000
      143.2000000000        0.0000000000        0.0000000000
      143.8000000000        0.0000000000        0.0000000000
      144.4000000000        0.0000000000        0.0000000000
      145.0000000000        0.0000000000        0.0000000000
      145.6000000000        0.0000000000        0.0000000000
      146.2000000000        0.0000000000        0.0000000000
      146.8000000000        0.0000000000        0.0000000000
      147.4000000000        0.0000000000        0.0000000000
      148.0000000000        0.0000000000        0.0000000000
      148.6000000000        0.0000000001        0.0000000000
      149.2000000000        0.0000000002        0.0000000000
      149.8000000000        0.0000000004        0.0000000000
      150.4000000000        0.0000000009        0.0000000000
      151.0000000000        0.0000000019        0.0000000000
      151.6000000000        0.0000000041        0.0000000000
      152.2000000000        0.0000000087        0.0000000000
      152.8000000000        0.0000000180        0.0000000000
      153.4000000000        0.0000000367        0.0000000000
      154.0000000000        0.0000000733        0.0000000000
      154.6000000000        0.0000001441        0.0000000000
      155.2000000000        0.0000002784        0.0000000000
      155.8000000000        0.0000005287        0.0000000000
      156.4000000000        0.0000009875        0.0000000000
      157.0000000000        0.0000018145        0.0000000000
      157.6000000000        0.0000032815        0.0000000000
      158.2000000000        0.0000058420        0.0000000000
      158.8000000000        0.0000102416        0.0000000000
      159.4000000000        0.0000176858        0.0000000000
      160.0000000000        0.0000300922        0.0000000000
      160.6000000000        0.0000504640        0.0000000001
      161.2000000000        0.0000834309        0.0000000003
      161.8000000000        0.0001360214        0.0000000009
      162.4000000000        0.0002187450        0.0000000023
      163.0000000000        0.0003470827        0.0000000059
      163.6000000000        0.0005435030        0.0000000146
      164.2000000000        0.0008401430        0.0000000351
      164.8000000000        0.0012823085        0.0000000823
      165.4000000000        0.0019329624        0.0000001878
      166.0000000000        0.0028783738        0.0000004179
      166.6000000000        0.0042350933        0.0000009068
      167.2000000000        0.0061583983        0.0000019194
      167.8000000000        0.0088523066        0.0000039651
      168.4000000000        0.0125811939        0.0000079974
      169.0000000000        0.0176829542        0.0000157557
      169.6000000000        0.0245835280        0.0000303324
      170.2000000000        0.0338124728        0.0000570859
      170.8000000000        0.0460190878        0.0001050685
      171.4000000000        0.0619884199        0.0001891933
      172.0000000000        0.0826562909        0.0003334184
      172.6000000000        0.1091223043        0.0005752826
      173.2000000000        0.1426596353        0.0009721504
      173.8000000000        0.1847202866        0.0016095127
      174.4000000000        0.2369344337        0.0026116064
      175.0000000000        0.3011024986        0.0041544377
      175.6000000000        0.3791786908        0.0064810002
      176.2000000000        0.4732449563        0.0099180469
      176.8000000000        0.5854745793        0.0148932177
      177.4000000000        0.7180850819        0.0219506677
      178.0000000000        0.8732805638        0.0317626460
      178.6000000000        1.0531841828        0.0451338421
      179.2000000000        1.2597620921        0.0629948764
      179.8000000000        1.4947407668        0.0863811942
      180.4000000000        1.7595202534        0.1163939949
      181.0000000000        2.0550864085        0.1541407797
      181.6000000000        2.3819256251        0.2006547036
      182.2000000000        2.7399458359        0.2567941252
      182.8000000000        3.1284077066        0.3231264308
      183.4000000000        3.5458698661        0.3998031089
      184.0000000000        3.9901517491        0.4864358254
      184.6000000000        4.4583171605        0.5819854912
      185.2000000000        4.9466810086        0.6846776007
      185.8000000000        5.4508408392        0.7919571017
      186.4000000000        5.9657338489        0.9004944898
      187.0000000000        6.4857190302        1.0062516556
      187.6000000000        7.0046830327        1.1046114037
      188.2000000000        7.5161672828        1.1905688877
      188.8000000000        8.0135129318        1.2589770369
      189.4000000000        8.4900193561        1.3048320715
      190.0000000000        8.9391112487        1.3235801477
      190.6000000000        9.3545088585        1.3114227066
      191.2000000000        9.7303956797        1.2655967216
      191.8000000000       10.0615778662        1.1846070040
      192.4000000000       10.3436298676        1.0683910238
      193.0000000000       10.5730212171        0.9184020026
      193.6000000000       10.7472200515        0.7376027737
      194.2000000000       10.8647697525        0.5303703415
      194.8000000000       10.9253360506        0.3023183742
      195.4000000000       10.9297229707        0.0600512465
      196.0000000000       10.8798570795       -0.1891319373
      196.6000000000       10.7787405809       -0.4375621020
      197.2000000000       10.6303748373       -0.6775318717
      197.8000000000       10.4396568544       -0.9016137099
      198.4000000000       10.2122520970       -1.1029472421
      199.0000000000        9.9544476953       -1.2754828136
      199.6000000000        9.6729906278       -1.4141732552
      200.2000000000        9.3749158127       -1.5151106911
      200.8000000000        9.0673692086       -1.5756094970
      201.4000000000        8.7574310174       -1.5942397963
      202.0000000000        8.4519439012       -1.5708179647
      202.6000000000        8.1573508016       -1.5063614711
      203.2000000000        7.8795464855       -1.4030151804
      203.8000000000        7.6237463761       -1.2639552528
      204.4000000000        7.3943755786       -1.0932753560
      205.0000000000        7.1949803072       -0.8958584267
      205.6000000000        7.0281631877       -0.6772359876
      206.2000000000        6.8955431800       -0.4434362792
      206.8000000000        6.7977401539       -0.2008223156
      207.4000000000        6.7343834864        0.0440785909
      208.0000000000        6.7041434447        0.2847513779
      208.6000000000        6.7047835900        0.5148722011
      209.2000000000        6.7332320010        0.7284849254
      209.8000000000        6.7856687620        0.9201691899
      210.4000000000        6.8576269175        1.0851934428
      211.0000000000        6.9441039373        1.2196462219
      211.6000000000        7.0396806754        1.3205394563
      212.2000000000        7.1386448347        1.3858786509
      212.8000000000        7.2351160488        1.4146964118
      213.4000000000        7.3231698677        1.4070477300
      214.0000000000        7.3969581586        1.3639675704
      214.6000000000        7.4508237063        1.2873934278
      215.2000000000        7.4794071014        1.1800574180
      215.8000000000        7.4777443243        1.0453540206
      216.4000000000        7.4413537700        0.8871906702
      217.0000000000        7.3663117809        0.7098289491
      217.6000000000        7.2493160779        0.5177241579
      218.2000000000        7.0877367766        0.3153705772
      218.8000000000        6.8796549474        0.1071588604
      219.4000000000        6.6238889239       -0.1027491793
      220.0000000000        6.3200087736       -0.3105244947
      220.6000000000        5.9683395185       -0.5127509897
      221.2000000000        5.5699538374       -0.7064809248
      221.8000000000        5.1266550848       -0.8892657969
      222.4000000000        4.6409515375       -1.0591640677
      223.0000000000        4.1160228250       -1.2147280117
      223.6000000000        3.5556795175       -1.3549726171
      224.2000000000        2.9643168429       -1.4793299092
      224.8000000000        2.3468634794       -1.5875922784
      225.4000000000        1.7087263363       -1.6798484327
      226.0000000000        1.0557321842       -1.7564154700
      226.6000000000        0.3940669415       -1.8177703308
      227.2000000000       -0.2697866367       -1.8644835650
      227.8000000000       -0.9291121836       -1.8971579641
      228.4000000000       -1.5770232364       -1.9163741912
      229.0000000000       -2.2065264815       -1.9226451035
      229.6000000000       -2.8105842201       -1.9163800165
      230.2000000000       -3.3821756002       -1.8978597197
      230.8000000000       -3.9143562061       -1.8672226189
      231.4000000000       -4.4003156375       -1.8244619639
      232.0000000000       -4.8334327503       -1.7694337242
      232.6000000000       -5.2073282620       -1.7018743022
      233.2000000000       -5.5159144545       -1.6214269434
      233.8000000000       -5.7534417370       -1.5276754029
      234.4000000000       -5.9145418521       -1.4201831918
      235.0000000000       -5.9942675348       -1.2985365405
      235.6000000000       -5.9881284582       -1.1623891031
      236.2000000000       -5.8921233189       -1.0115063821
      236.8000000000       -5.7027679434       -0.8458078891
      237.4000000000       -5.4171193178       -0.6654051628
      238.0000000000       -5.0327954706       -0.4706339501
      238.6000000000       -4.5479911648       -0.2620791027
      239.2000000000       -3.9614893829       -0.0405910467
      239.8000000000       -3.2726686170        0.1927069711
      240.4000000000       -2.4815060053        0.4364212789
      241.0000000000       -1.5885763859        0.6888998475
      241.6000000000       -0.5950473678        0.9482536749
      242.2000000000        0.4973294552        1.2123867687
      242.8000000000        1.6862309908        1.4790336754
      243.4000000000        2.9687786572        1.7458032269
      244.0000000000        4.3415577109        2.0102269502
      244.6000000000        5.8006396721        2.2698104329
      245.2000000000        7.3416076059        2.5220858509
      245.8000000000        8.9595840051        2.7646638537
      246.4000000000       10.6492610086        2.9952830625
      247.0000000000       12.4049326817        3.2118555604
      247.6000000000       14.2205290790        3.4125069359
      248.2000000000       16.0896518110        3.5956096750
      248.8000000000       18.0056108353        3.7598089659
      249.4000000000       19.9614621987        3.9040402748
      250.0000000000       21.9500464636        4.0275383627
      250.6000000000       23.9640275608        4.1298377193
      251.2000000000       25.9959318217        4.2107646927
      251.8000000000       28.0381869558        4.2704218663
      252.4000000000       30.0831607541        4.3091654847
      253.0000000000       32.1231993103        4.3275769355
      253.6000000000       34.1506645711        4.3264294565
      254.2000000000       36.1579710370        4.3066513564
      254.8000000000       38.1376214553        4.2692870992
      255.4000000000       40.0822413559        4.2154576196
      256.0000000000       41.9846122997        4.1463212053
      256.6000000000       43.8377037185        4.0630362057
      257.2000000000       45.6347032411        3.9667267101
      257.8000000000       47.3690454091        3.8584521930
      258.4000000000       49.0344386989        3.7391819454
      259.0000000000       50.6248907755        3.6097749207
      259.6000000000       52.1347319112        3.4709654155
      260.2000000000       53.5586365144        3.3233547987
      260.8000000000       54.8916427174        3.1674092942
      261.4000000000       56.1291699824        3.0034636257
      262.0000000000       57.2670346892        2.8317301532
      262.6000000000       58.3014636781        2.6523129675
      263.2000000000       59.2291057237        2.4652262755
      263.8000000000       60.0470409264        2.2704162990
      264.4000000000       60.7527880110        2.0677858323
      265.0000000000       61.3443095312        1.8572205527
      265.6000000000       61.8200149843        1.6386161627
      266.2000000000       62.1787618501        1.4119054493
      266.8000000000       62.4198545709        1.1770843841
      267.4000000000       62.5430415042        0.9342364505
      268.0000000000       62.5485098815        0.6835544639
      268.6000000000       62.4368788199        0.4253592514
      269.2000000000       62.2091904394        0.1601146718
      269.8000000000       61.8668991492       -0.1115614237
      270.4000000000       61.4118591747       -0.3888905602
      271.0000000000       60.8463104053       -0.6709314778
      271.6000000000       60.1728626537       -0.9565824572
      272.2000000000       59.3944784247       -1.2445880255
      272.8000000000       58.5144542988       -1.5335498234
      273.4000000000       57.5364010466       -1.8219413169
      274.0000000000       56.4642225926       -2.1081259459
      274.6000000000       55.3020939591       -2.3903782307
      275.2000000000       54.0544383196       -2.6669073014
      275.8000000000       52.7259033021       -2.9358822729
      276.4000000000       51.3213366819       -3.1954588651
      277.0000000000       49.8457616079       -3.4438066611
      277.6000000000       48.3043515076       -3.6791364002
      278.2000000000       46.7024048162       -3.8997267265
      278.8000000000       45.0453196744       -4.1039498483
      279.4000000000       43.3385687376       -4.2902956042
      280.0000000000       41.5876742359       -4.4573934921
      280.6000000000       39.7981834203       -4.6040322743
      281.2000000000       37.9756445261       -4.7291768407
      281.8000000000       36.1255833770       -4.8319820823
      282.4000000000       34.2534807462       -4.9118036003
      283.0000000000       32.3647505863       -4.9682051453
      283.6000000000       30.4647192254       -5.0009627557
      284.2000000000       28.5586056241       -5.0100656252
      284.8000000000       26.6515027728       -4.9957137980
      285.4000000000       24.7483603025       -4.9583128417
      286.0000000000       22.8539683703       -4.8984657013
      286.6000000000       20.9729428700       -4.8169619777
      287.2000000000       19.1097120084       -4.7147649132
      287.8000000000       17.2685042764       -4.5929963894
      288.4000000000       15.4533378356       -4.4529202666
      289.0000000000       13.6680113269       -4.2959244028
      289.6000000000       11.9160961019       -4.1235016963
      290.2000000000       10.2009298662       -3.9372304927
      290.8000000000        8.5256117140       -3.7387546895
      291.4000000000        6.8929985277       -3.5297638542
      292.0000000000        5.3057027039       -3.3119736558
      292.6000000000        3.7660911646       -3.0871068830
      293.2000000000        2.2762856022       -2.8568752954
      293.8000000000        0.8381639029       -2.6229625271
      294.4000000000       -0.5466373132       -2.3870082255
      295.0000000000       -1.8767191011       -2.1505935810
      295.6000000000       -3.1509156175       -1.9152283656
      296.2000000000       -4.3682886392       -1.6823395696
      296.8000000000       -5.5281212471       -1.4532616905
      297.4000000000       -6.6299107524       -1.2292287025
      298.0000000000       -7.6733609428       -1.0113677012
      298.6000000000       -8.6583737266       -0.8006941980
      299.2000000000       -9.5850402520       -0.5981090115
      299.8000000000      -10.4536315782       -0.4043966837
      300.4000000000      -11.2645889745       -0.2202253330
      301.0000000000      -12.0185139193       -0.0461478379
      301.6000000000      -12.7161578721        0.1173957622
      302.2000000000      -13.3584118860        0.2700747737
      302.8000000000      -13.9462961263        0.4116633945
      303.4000000000      -14.4809493576        0.5420354294
      304.0000000000      -14.9636184584        0.6611583110
      304.6000000000      -15.3956480184        0.7690865581
      305.2000000000      -15.7784700684        0.8659547998
      305.8000000000      -16.1135939914        0.9519704891
      306.4000000000      -16.4025966571        1.0274064247
      307.0000000000      -16.6471128190        1.0925931868
      307.6000000000      -16.8488258084        1.1479115909
      308.2000000000      -17.0094585575        1.1937852467
      308.8000000000      -17.1307649759        1.2306733061
      309.4000000000      -17.2145217058        1.2590634679
      310.0000000000      -17.2625202736        1.2794653018
      310.6000000000      -17.2765596529        1.2924039394
      311.2000000000      -17.2584392520        1.2984141748
      311.8000000000      -17.2099523335        1.2980350028
      312.4000000000      -17.1328798713        1.2918046190
      313.0000000000      -17.0289848480        1.2802558937
      313.6000000000      -16.9000069914        1.2639123253
      314.2000000000      -16.7476579483        1.2432844739
      314.8000000000      -16.5736168899        1.2188668657
      315.4000000000      -16.3795265401        1.1911353571
      316.0000000000      -16.1669896202        1.1605449414
      316.6000000000      -15.9375656960        1.1275279766
      317.2000000000      -15.6927684169        1.0924928101
      317.8000000000      -15.4340631318        1.0558227755
      318.4000000000      -15.1628648677        1.0178755308
      319.0000000000      -14.8805366553        0.9789827113
      319.6000000000      -14.5883881833        0.9394498649
      320.2000000000      -14.2876747663        0.8995566416
      320.8000000000      -13.9795966072        0.8595572060
      321.4000000000      -13.6652983371        0.8196808447
      322.0000000000      -13.3458688133        0.7801327396
      322.6000000000      -13.0223411589        0.7410948807
      323.2000000000      -12.6956930244        0.7027270934
      323.8000000000      -12.3668470549        0.6651681554
      324.4000000000      -12.0366715437        0.6285369814
      325.0000000000      -11.7059812573        0.5929338569
      325.6000000000      -11.3755384125        0.5584417004
      326.2000000000      -11.0460537916        0.5251273388
      326.8000000000      -10.7181879788        0.4930427816
      327.4000000000      -10.3925527032        0.4622264801
      328.0000000000      -10.0697122740        0.4327045614
      328.6000000000       -9.7501850938        0.4044920270
      329.2000000000       -9.4344452379        0.3775939087
      329.8000000000       -9.1229240863        0.3520063755
      330.4000000000       -8.8160119978        0.3277177856
      331.0000000000       -8.5140600145        0.3047096809
      331.6000000000       -8.2173815876        0.2829577208
      332.2000000000       -7.9262543142        0.2624325529
      332.8000000000       -7.6409216775        0.2431006215
      333.4000000000       -7.3615947817        0.2249249126
      334.0000000000       -7.0884540745        0.2078656367
      334.6000000000       -6.8216510515        0.1918808507
      335.2000000000       -6.5613099354        0.1769270205
      335.8000000000       -6.3075293255        0.1629595270
      336.4000000000       -6.0603838127        0.1499331168
      337.0000000000       -5.8199255559        0.1378023026
      337.6000000000       -5.5861858162        0.1265217138
      338.2000000000       -5.3591764457        0.1160464019
      338.8000000000       -5.1388913290        0.1063321035
      339.4000000000       -4.9253077741        0.0973354638
      340.0000000000       -4.7183878525        0.0890142238
      340.6000000000       -4.5180796860        0.0813273751
      341.2000000000       -4.3243186801        0.0742352837
      341.8000000000       -4.1370287025        0.0676997872
      342.4000000000       -3.9561232078        0.0616842674
      343.0000000000       -3.7815063069        0.0561537012
      343.6000000000       -3.6130737824        0.0510746922
      344.2000000000       -3.4507140504        0.0464154854
      344.8000000000       -3.2943090687        0.0421459671
      345.4000000000       -3.1437351930        0.0382376521
      346.0000000000       -2.9988639819        0.0346636604
      346.6000000000       -2.8595629519        0.0313986837
      347.2000000000       -2.7256962837        0.0284189459
      347.8000000000       -2.5971254814        0.0257021557
      348.4000000000       -2.4737099851        0.0232274559
      349.0000000000       -2.3553077409        0.0209753675
      349.6000000000       -2.2417757264        0.0189277320
      350.2000000000       -2.1329704368        0.0170676513
      350.8000000000       -2.0287483310        0.0153794268
      351.4000000000       -1.9289662402        0.0138484977
      352.0000000000       -1.8334817415        0.0124613798
      352.6000000000       -1.7421534963        0.0112056045
      353.2000000000       -1.6548415571        0.0100696597
      353.8000000000       -1.5714076436        0.0090429306
      354.4000000000       -1.4917153897        0.0081156441
      355.0000000000       -1.4156305632        0.0072788133
      355.6000000000       -1.3430212596        0.0065241852
      356.2000000000       -1.2737580723        0.0058441902
      356.8000000000       -1.2077142395        0.0052318942
      357.4000000000       -1.1447657705        0.0046809522
      358.0000000000       -1.0847915519        0.0041855656
      358.6000000000       -1.0276734358        0.0037404406
      359.2000000000       -0.9732963108        0.0033407496
      359.8000000000       -0.9215481573        0.0029820952
      360.4000000000       -0.8723200885        0.0026604755
      361.0000000000       -0.8255063775        0.0023722526
      361.6000000000       -0.7810044729        0.0021141226
      362.2000000000       -0.7387150028        0.0018830879
      362.8000000000       -0.6985417685        0.0016764312
      363.4000000000       -0.6603917295        0.0014916918
      364.0000000000       -0.6241749795        0.0013266432
      364.6000000000       -0.5898047157        0.0011792726
      365.2000000000       -0.5571972003        0.0010477621
      365.8000000000       -0.5262717176        0.0009304711
      366.4000000000       -0.4969505242        0.0008259200
      367.0000000000       -0.4691587958        0.0007327759
      367.6000000000       -0.4428245693        0.0006498389
      368.2000000000       -0.4178786821        0.0005760293
      368.8000000000       -0.3942547080        0.0005103768
      369.4000000000       -0.3718888908        0.0004520096
      370.0000000000       -0.3507200760        0.0004001454
      370.6000000000       -0.3306896411        0.0003540825
      371.2000000000       -0.3117414243        0.0003131917
      371.8000000000       -0.2938216529        0.0002769097
      372.4000000000       -0.2768788708        0.0002447322
      373.0000000000       -0.2608638660        0.0002162079
      373.6000000000       -0.2457295978        0.0001909337
      374.2000000000       -0.2314311252        0.0001685492
      374.8000000000       -0.2179255341        0.0001487328
      375.4000000000       -0.2051718672        0.0001311974
      376.0000000000       -0.1931310532        0.0001156870
      376.6000000000       -0.1817658378        0.0001019735
      377.2000000000       -0.1710407154        0.0000898538
      377.8000000000       -0.1609218623        0.0000791470
      378.4000000000       -0.1513770714        0.0000696920
      379.0000000000       -0.1423756876        0.0000613459
      379.6000000000       -0.1338885457        0.0000539813
      380.2000000000       -0.1258879091        0.0000474854
      380.8000000000       -0.1183474106        0.0000417577
      381.4000000000       -0.1112419941        0.0000367094
      382.0000000000       -0.1045478589        0.0000322613
      382.6000000000       -0.0982424052        0.0000283436
      383.2000000000       -0.0923041812        0.0000248941
      383.8000000000       -0.0867128322        0.0000218580
      384.4000000000       -0.0814490510        0.0000191867
      385.0000000000       -0.0764945305        0.0000168370
      385.6000000000       -0.0718319176        0.0000147709
      386.2000000000       -0.0674447688        0.0000129548
      386.8000000000       -0.0633175078        0.0000113589
      387.4000000000       -0.0594353838        0.0000099569
      388.0000000000       -0.0557844328        0.0000087257
      388.6000000000       -0.0523514390        0.0000076448
      389.2000000000       -0.0491238986        0.0000066961
      389.8000000000       -0.0460899851        0.0000058637
      390.4000000000       -0.0432385152        0.0000051335
      391.0000000000       -0.0405589174        0.0000044931
      391.6000000000       -0.0380412008        0.0000039317
      392.2000000000       -0.0356759258        0.0000034397
      392.8000000000       -0.0334541762        0.0000030086
      393.4000000000       -0.0313675320        0.0000026309
      394.0000000000       -0.0294080441        0.0000023001
      394.6000000000       -0.0275682097        0.0000020105
      395.2000000000       -0.0258409487        0.0000017570
      395.8000000000       -0.0242195819        0.0000015351
      396.4000000000       -0.0226978093        0.0000013410
      397.0000000000       -0.0212696904        0.0000011712
      397.6000000000       -0.0199296244        0.0000010227
      398.2000000000       -0.0186723324        0.0000008928
      398.8000000000       -0.0174928397        0.0000007793
      399.4000000000       -0.0163864593        0.0000006801
