# ECD Spectrum
# X-Axis:  Wavelength (nm)
# Y-Axis:  &Delta;&epsilon; (10-40 esu2 cm2)
# Y-Axis2: Rvel

# Peak information
#                  X                   Y                  Y2
#     298.6900000000     -192.5788000000    -1743.8591604918
#     282.4600000000      152.1536000000     1456.9642359499
#     272.0900000000      184.3557000000     1832.5996654528
#     265.0800000000     -119.7553000000    -1221.9161217207
#     262.1500000000      151.6663000000     1564.8144347938
#     257.8100000000       19.4384000000      203.9315262484
#     256.9100000000        5.8960000000       62.0726203838
#     251.4000000000        6.6728000000       71.7904124670
#     245.2900000000      -77.6799000000     -856.5494258517
#     236.1300000000      -22.1109000000     -253.2671521653
#     233.9800000000      -16.8908000000     -195.2518226501
#     232.7600000000        8.8928000000      103.3365100777
#     230.5800000000        7.0995000000       83.2778956383
#     226.3900000000        3.6628000000       43.7602283685
#     224.4300000000       34.4933000000      415.6975356198
#     223.4800000000      -12.9856000000     -157.1617919763
#     220.1600000000       -7.3222000000      -89.9553058008
#     219.5600000000        6.9516000000       85.6357619314
#     217.4000000000       24.6471000000      306.6407730398
#     216.7000000000      -24.6039000000     -307.0921080053
#     215.3000000000      -23.8150000000     -299.1783548689
#     214.7000000000        4.2408000000       53.4243639711
#     212.4300000000       -0.9211000000      -11.7277458779
#     212.1400000000      -56.5619000000     -721.1490551575
#     207.2100000000       43.9376000000      573.5208800460
#     202.3600000000      -26.9091000000     -359.6649487582
#     202.3400000000      -12.4765000000     -166.7764168873
#     201.0300000000       77.5811000000     1043.8033205515
#     200.7000000000       -7.4631000000     -100.5762646488
#     199.7100000000        2.9987000000       40.6122285628

# Spectra
#                  X                   Y               DY/DX
       50.0000000000        0.0000000000        0.0000000000
       50.7000000000        0.0000000000        0.0000000000
       51.4000000000        0.0000000000        0.0000000000
       52.1000000000        0.0000000000        0.0000000000
       52.8000000000        0.0000000000        0.0000000000
       53.5000000000        0.0000000000        0.0000000000
       54.2000000000        0.0000000000        0.0000000000
       54.9000000000        0.0000000000        0.0000000000
       55.6000000000        0.0000000000        0.0000000000
       56.3000000000        0.0000000000        0.0000000000
       57.0000000000        0.0000000000        0.0000000000
       57.7000000000        0.0000000000        0.0000000000
       58.4000000000        0.0000000000        0.0000000000
       59.1000000000        0.0000000000        0.0000000000
       59.8000000000        0.0000000000        0.0000000000
       60.5000000000        0.0000000000        0.0000000000
       61.2000000000        0.0000000000        0.0000000000
       61.9000000000        0.0000000000        0.0000000000
       62.6000000000        0.0000000000        0.0000000000
       63.3000000000        0.0000000000        0.0000000000
       64.0000000000        0.0000000000        0.0000000000
       64.7000000000        0.0000000000        0.0000000000
       65.4000000000        0.0000000000        0.0000000000
       66.1000000000        0.0000000000        0.0000000000
       66.8000000000        0.0000000000        0.0000000000
       67.5000000000        0.0000000000        0.0000000000
       68.2000000000        0.0000000000        0.0000000000
       68.9000000000        0.0000000000        0.0000000000
       69.6000000000        0.0000000000        0.0000000000
       70.3000000000        0.0000000000        0.0000000000
       71.0000000000        0.0000000000        0.0000000000
       71.7000000000        0.0000000000        0.0000000000
       72.4000000000        0.0000000000        0.0000000000
       73.1000000000        0.0000000000        0.0000000000
       73.8000000000        0.0000000000        0.0000000000
       74.5000000000        0.0000000000        0.0000000000
       75.2000000000        0.0000000000        0.0000000000
       75.9000000000        0.0000000000        0.0000000000
       76.6000000000        0.0000000000        0.0000000000
       77.3000000000        0.0000000000        0.0000000000
       78.0000000000        0.0000000000        0.0000000000
       78.7000000000        0.0000000000        0.0000000000
       79.4000000000        0.0000000000        0.0000000000
       80.1000000000        0.0000000000        0.0000000000
       80.8000000000        0.0000000000        0.0000000000
       81.5000000000        0.0000000000        0.0000000000
       82.2000000000        0.0000000000        0.0000000000
       82.9000000000        0.0000000000        0.0000000000
       83.6000000000        0.0000000000        0.0000000000
       84.3000000000        0.0000000000        0.0000000000
       85.0000000000        0.0000000000        0.0000000000
       85.7000000000        0.0000000000        0.0000000000
       86.4000000000        0.0000000000        0.0000000000
       87.1000000000        0.0000000000        0.0000000000
       87.8000000000        0.0000000000        0.0000000000
       88.5000000000        0.0000000000        0.0000000000
       89.2000000000        0.0000000000        0.0000000000
       89.9000000000        0.0000000000        0.0000000000
       90.6000000000        0.0000000000        0.0000000000
       91.3000000000        0.0000000000        0.0000000000
       92.0000000000        0.0000000000        0.0000000000
       92.7000000000        0.0000000000        0.0000000000
       93.4000000000        0.0000000000        0.0000000000
       94.1000000000        0.0000000000        0.0000000000
       94.8000000000        0.0000000000        0.0000000000
       95.5000000000        0.0000000000        0.0000000000
       96.2000000000        0.0000000000        0.0000000000
       96.9000000000        0.0000000000        0.0000000000
       97.6000000000        0.0000000000        0.0000000000
       98.3000000000        0.0000000000        0.0000000000
       99.0000000000        0.0000000000        0.0000000000
       99.7000000000        0.0000000000        0.0000000000
      100.4000000000        0.0000000000        0.0000000000
      101.1000000000        0.0000000000        0.0000000000
      101.8000000000        0.0000000000        0.0000000000
      102.5000000000        0.0000000000        0.0000000000
      103.2000000000        0.0000000000        0.0000000000
      103.9000000000        0.0000000000        0.0000000000
      104.6000000000        0.0000000000        0.0000000000
      105.3000000000        0.0000000000        0.0000000000
      106.0000000000        0.0000000000        0.0000000000
      106.7000000000        0.0000000000        0.0000000000
      107.4000000000        0.0000000000        0.0000000000
      108.1000000000        0.0000000000        0.0000000000
      108.8000000000        0.0000000000        0.0000000000
      109.5000000000        0.0000000000        0.0000000000
      110.2000000000        0.0000000000        0.0000000000
      110.9000000000        0.0000000000        0.0000000000
      111.6000000000        0.0000000000        0.0000000000
      112.3000000000        0.0000000000        0.0000000000
      113.0000000000        0.0000000000        0.0000000000
      113.7000000000        0.0000000000        0.0000000000
      114.4000000000        0.0000000000        0.0000000000
      115.1000000000        0.0000000000        0.0000000000
      115.8000000000        0.0000000000        0.0000000000
      116.5000000000        0.0000000000        0.0000000000
      117.2000000000        0.0000000000        0.0000000000
      117.9000000000        0.0000000000        0.0000000000
      118.6000000000        0.0000000000        0.0000000000
      119.3000000000        0.0000000000        0.0000000000
      120.0000000000        0.0000000000        0.0000000000
      120.7000000000        0.0000000000        0.0000000000
      121.4000000000        0.0000000000        0.0000000000
      122.1000000000        0.0000000000        0.0000000000
      122.8000000000        0.0000000000        0.0000000000
      123.5000000000        0.0000000000        0.0000000000
      124.2000000000        0.0000000000        0.0000000000
      124.9000000000        0.0000000000        0.0000000000
      125.6000000000        0.0000000000        0.0000000000
      126.3000000000        0.0000000000        0.0000000000
      127.0000000000        0.0000000000        0.0000000000
      127.7000000000        0.0000000000        0.0000000000
      128.4000000000        0.0000000000        0.0000000000
      129.1000000000        0.0000000000        0.0000000000
      129.8000000000        0.0000000000        0.0000000000
      130.5000000000        0.0000000000        0.0000000000
      131.2000000000        0.0000000000        0.0000000000
      131.9000000000        0.0000000000        0.0000000000
      132.6000000000        0.0000000000        0.0000000000
      133.3000000000        0.0000000000        0.0000000000
      134.0000000000        0.0000000000        0.0000000000
      134.7000000000        0.0000000000        0.0000000000
      135.4000000000        0.0000000000        0.0000000000
      136.1000000000        0.0000000000        0.0000000000
      136.8000000000        0.0000000000        0.0000000000
      137.5000000000        0.0000000000        0.0000000000
      138.2000000000        0.0000000000        0.0000000000
      138.9000000000        0.0000000000        0.0000000000
      139.6000000000        0.0000000000        0.0000000000
      140.3000000000        0.0000000000        0.0000000000
      141.0000000000        0.0000000000        0.0000000000
      141.7000000000        0.0000000000        0.0000000000
      142.4000000000        0.0000000000        0.0000000000
      143.1000000000        0.0000000000        0.0000000000
      143.8000000000        0.0000000000        0.0000000000
      144.5000000000        0.0000000000        0.0000000000
      145.2000000000        0.0000000000        0.0000000000
      145.9000000000        0.0000000000        0.0000000000
      146.6000000000        0.0000000000        0.0000000000
      147.3000000000        0.0000000000        0.0000000000
      148.0000000000        0.0000000000        0.0000000000
      148.7000000000        0.0000000000        0.0000000000
      149.4000000000        0.0000000000        0.0000000000
      150.1000000000        0.0000000000        0.0000000000
      150.8000000000        0.0000000001        0.0000000000
      151.5000000000        0.0000000002        0.0000000000
      152.2000000000        0.0000000006        0.0000000000
      152.9000000000        0.0000000014        0.0000000000
      153.6000000000        0.0000000033        0.0000000000
      154.3000000000        0.0000000078        0.0000000000
      155.0000000000        0.0000000180        0.0000000000
      155.7000000000        0.0000000406        0.0000000000
      156.4000000000        0.0000000891        0.0000000000
      157.1000000000        0.0000001912        0.0000000000
      157.8000000000        0.0000004015        0.0000000000
      158.5000000000        0.0000008248        0.0000000000
      159.2000000000        0.0000016590        0.0000000000
      159.9000000000        0.0000032685        0.0000000000
      160.6000000000        0.0000063102        0.0000000000
      161.3000000000        0.0000119437        0.0000000000
      162.0000000000        0.0000221730        0.0000000000
      162.7000000000        0.0000403913        0.0000000001
      163.4000000000        0.0000722290        0.0000000002
      164.1000000000        0.0001268451        0.0000000006
      164.8000000000        0.0002188512        0.0000000017
      165.5000000000        0.0003711142        0.0000000051
      166.2000000000        0.0006187505        0.0000000142
      166.9000000000        0.0010146941        0.0000000386
      167.6000000000        0.0016372864        0.0000001010
      168.3000000000        0.0026003910        0.0000002560
      169.0000000000        0.0040665675        0.0000006277
      169.7000000000        0.0062638292        0.0000014904
      170.4000000000        0.0095064433        0.0000034293
      171.1000000000        0.0142200990        0.0000076509
      171.8000000000        0.0209715377        0.0000165615
      172.5000000000        0.0305024215        0.0000348041
      173.2000000000        0.0437667878        0.0000710493
      173.9000000000        0.0619709183        0.0001409734
      174.6000000000        0.0866138558        0.0002720229
      175.3000000000        0.1195261663        0.0005107424
      176.0000000000        0.1629039079        0.0009335912
      176.7000000000        0.2193342022        0.0016622414
      177.4000000000        0.2918083653        0.0028842427
      178.1000000000        0.3837183198        0.0048795698
      178.8000000000        0.4988320446        0.0080528345
      179.5000000000        0.6412441811        0.0129697850
      180.2000000000        0.8152986372        0.0203951305
      180.9000000000        1.0254811335        0.0313268278
      181.6000000000        1.2762810927        0.0470199787
      182.3000000000        1.5720240380        0.0689917906
      183.0000000000        1.9166776452        0.0989981108
      183.7000000000        2.3136366833        0.1389723661
      184.4000000000        2.7654941277        0.1909197461
      185.1000000000        3.2738075997        0.2567633820
      185.8000000000        3.8388718171        0.3381449885
      186.5000000000        4.4595087939        0.4361894730
      187.2000000000        5.1328879846        0.5512504779
      187.9000000000        5.8543883487        0.6826605407
      188.6000000000        6.6175133678        0.8285142455
      189.3000000000        7.4138683954        0.9855142624
      190.0000000000        8.2332074079        1.1489077653
      190.7000000000        9.0635533588        1.3125342611
      191.4000000000        9.8913930654        1.4689958878
      192.1000000000       10.7019440433        1.6099489741
      192.8000000000       11.4794871530        1.7265027643
      193.5000000000       12.2077555286        1.8096995467
      194.2000000000       12.8703672227        1.8510416434
      194.9000000000       13.4512864915        1.8430259860
      195.6000000000       13.9352968136        1.7796467745
      196.3000000000       14.3084676842        1.6568306844
      197.0000000000       14.5585970209        1.4727762912
      197.7000000000       14.6756116665        1.2281784238
      198.4000000000       14.6519099469        0.9263275583
      199.1000000000       14.4826324612        0.5730828342
      199.8000000000       14.1658501266        0.1767239781
      200.5000000000       13.7026618264       -0.2523079311
      201.2000000000       13.0971976517       -0.7017680735
      201.9000000000       12.3565274934       -1.1580494364
      202.6000000000       11.4904784709       -1.6066926111
      203.3000000000       10.5113681811       -2.0329466473
      204.0000000000        9.4336638841       -2.4223616210
      204.7000000000        8.2735803676       -2.7613907853
      205.4000000000        7.0486312543       -3.0379771643
      206.1000000000        5.7771498743       -3.2420969140
      206.8000000000        4.4777964822       -3.3662305387
      207.5000000000        3.1690685627       -3.4057338595
      208.2000000000        1.8688302774       -3.3590839687
      208.9000000000        0.5938758156       -3.2279813745
      209.6000000000       -0.6404603762       -3.0172978259
      210.3000000000       -1.8206357129       -2.7348692059
      211.0000000000       -2.9351656426       -2.3911434065
      211.7000000000       -3.9748182331       -1.9987031643
      212.4000000000       -4.9327342350       -1.5716923726
      213.1000000000       -5.8044723322       -1.1251805520
      213.8000000000       -6.5879817743       -0.6745033854
      214.5000000000       -7.2835068322       -0.2346173205
      215.2000000000       -7.8934294567        0.1804966361
      215.9000000000       -8.4220580968        0.5583501961
      216.6000000000       -8.8753718320        0.8883636218
      217.3000000000       -9.2607297718        1.1621658469
      218.0000000000       -9.5865560806        1.3737730977
      218.7000000000       -9.8620110277        1.5196482011
      219.4000000000      -10.0966581615        1.5986496586
      220.1000000000      -10.3001371120        1.6118849689
      220.8000000000      -10.4818506866        1.5624863952
      221.5000000000      -10.6506738875        1.4553293698
      222.2000000000      -10.8146913061        1.2967141219
      222.9000000000      -10.9809680820        1.0940301502
      223.6000000000      -11.1553583175        0.8554211244
      224.3000000000      -11.3423535384        0.5894650211
      225.0000000000      -11.5449725433        0.3048810982
      225.7000000000      -11.7646928148        0.0102719676
      226.4000000000      -12.0014225963       -0.2860942168
      227.1000000000      -12.2535118003       -0.5764593934
      227.8000000000      -12.5177991115       -0.8537095319
      228.5000000000      -12.7896919870       -1.1114694055
      229.2000000000      -13.0632757531       -1.3441622465
      229.9000000000      -13.3314476248       -1.5470393280
      230.6000000000      -13.5860712549       -1.7161850194
      231.3000000000      -13.8181473149       -1.8485029244
      232.0000000000      -14.0179956303       -1.9416884009
      232.7000000000      -14.1754445131       -1.9941921685
      233.4000000000      -14.2800231401       -2.0051788985
      234.1000000000      -14.3211531092       -1.9744837581
      234.8000000000      -14.2883356407       -1.9025689087
      235.5000000000      -14.1713312762       -1.7904810271
      236.2000000000      -13.9603293352       -1.6398100778
      236.9000000000      -13.6461048188       -1.4526488814
      237.6000000000      -13.2201608815       -1.2315525194
      238.3000000000      -12.6748554213       -0.9794963245
      239.0000000000      -12.0035107470       -0.6998311174
      239.7000000000      -11.2005056796       -0.3962344687
      240.4000000000      -10.2613498014       -0.0726570493
      241.1000000000       -9.1827399038        0.2667364411
      241.8000000000       -7.9625989766        0.6176317629
      242.5000000000       -6.6000983393        0.9756344789
      243.2000000000       -5.0956637365        1.3363430324
      243.9000000000       -3.4509663924        1.6954239438
      244.6000000000       -1.6689001652        2.0486871000
      245.3000000000        0.2464539571        2.3921588276
      246.0000000000        2.2898747102        2.7221503016
      246.7000000000        4.4550574078        3.0353188580
      247.4000000000        6.7346794437        3.3287199472
      248.1000000000        9.1204731026        3.5998477767
      248.8000000000       11.6033043843        3.8466631229
      249.5000000000       14.1732565979        4.0676073140
      250.2000000000       16.8197175591        4.2616019709
      250.9000000000       19.5314693014        4.4280347002
      251.6000000000       22.2967793043        4.5667315296
      252.3000000000       25.1034923330        4.6779174301
      253.0000000000       27.9391220779        4.7621667507
      253.7000000000       30.7909418775        4.8203457751
      254.4000000000       33.6460738955        4.8535498825
      255.1000000000       36.4915762079        4.8630379469
      255.8000000000       39.3145273340        4.8501666311
      256.5000000000       42.1021078163        4.8163271414
      257.2000000000       44.8416785146        4.7628867997
      257.9000000000       47.5208553366        4.6911374954
      258.6000000000       50.1275801720        4.6022526996
      259.3000000000       52.6501878363        4.4972543002
      260.0000000000       55.0774688616        4.3769900553
      260.7000000000       57.3987279994        4.2421219937
      261.4000000000       59.6038383161        4.0931256398
      262.1000000000       61.6832907831        3.9302995129
      262.8000000000       63.6282392716        3.7537839815
      263.5000000000       65.4305408742        3.5635882338
      264.2000000000       67.0827914856        3.3596238842
      264.9000000000       68.5783565806        3.1417435599
      265.6000000000       69.9113971391        2.9097827194
      266.3000000000       71.0768906775        2.6636029252
      267.0000000000       72.0706473576        2.4031348395
      267.7000000000       72.8893211584        2.1284193144
      268.4000000000       73.5304161139        1.8396450990
      269.1000000000       73.9922876371        1.5371818837
      269.8000000000       74.2741389742        1.2216076244
      270.5000000000       74.3760128555        0.8937293313
      271.2000000000       74.2987784358        0.5545967641
      271.9000000000       74.0441136462        0.2055087201
      272.6000000000       73.6144831053       -0.1519881480
      273.3000000000       73.0131117707       -0.5161078270
      274.0000000000       72.2439545384       -0.8848403815
      274.7000000000       71.3116620306       -1.2559737919
      275.4000000000       70.2215428371       -1.6271214917
      276.1000000000       68.9795225040       -1.9957547856
      276.8000000000       67.5920995901       -2.3592392387
      277.5000000000       66.0662991283       -2.7148740644
      278.2000000000       64.4096238548       -3.0599335120
      278.9000000000       62.6300035780       -3.3917092457
      279.6000000000       60.7357430758       -3.7075527322
      280.3000000000       58.7354689161       -4.0049166958
      281.0000000000       56.6380755976       -4.2813947609
      281.7000000000       54.4526714104       -4.5347584855
      282.4000000000       52.1885244096       -4.7629910755
      283.1000000000       49.8550088875       -4.9643171796
      283.8000000000       47.4615527158       -5.1372282667
      284.5000000000       45.0175859161       -5.2805032096
      285.2000000000       42.5324907955       -5.3932238093
      285.9000000000       40.0155539606       -5.4747851125
      286.6000000000       37.4759205018       -5.5249004865
      287.3000000000       34.9225506075       -5.5436015213
      288.0000000000       32.3641788428       -5.5312329312
      288.7000000000       29.8092762936       -5.4884427160
      289.4000000000       27.2660157463       -5.4161679253
      290.1000000000       24.7422400413       -5.3156164368
      290.8000000000       22.2454337055       -5.1882452196
      291.5000000000       19.7826979361       -5.0357355952
      292.2000000000       17.3607289786       -4.8599660441
      292.9000000000       14.9857999079       -4.6629831227
      293.6000000000       12.6637457962       -4.4469710641
      294.3000000000       10.3999522186       -4.2142206290
      295.0000000000        8.1993470271       -3.9670977591
      295.7000000000        6.0663952939       -3.7080125572
      296.4000000000        4.0050973080       -3.4393890841
      297.1000000000        2.0189894872       -3.1636364185
      297.8000000000        0.1111480497       -2.8831213783
      298.5000000000       -1.7158047209       -2.6001432457
      299.2000000000       -3.4596918025       -2.3169107840
      299.9000000000       -5.1187705400       -2.0355217715
      300.6000000000       -6.6917197303       -1.7579452218
      301.3000000000       -8.1776248895       -1.4860063985
      302.0000000000       -9.5759619075       -1.2213746758
      302.7000000000      -10.8865792967       -0.9655542457
      303.4000000000      -12.1096792408       -0.7198776177
      304.1000000000      -13.2457976450       -0.4855018185
      304.8000000000      -14.2957833849       -0.2634071530
      305.5000000000      -15.2607769453       -0.0543983600
      306.2000000000      -16.1421886327        0.1408920350
      306.9000000000      -16.9416765346        0.3219983893
      307.6000000000      -17.6611243927        0.4886148681
      308.3000000000      -18.3026195423        0.6405868702
      309.0000000000      -18.8684310627        0.7779012025
      309.7000000000      -19.3609882695        0.9006752520
      310.4000000000      -19.7828596690        1.0091453976
      311.1000000000      -20.1367324822        1.1036548968
      311.8000000000      -20.4253928340        1.1846414671
      312.5000000000      -20.6517066924        1.2526247685
      313.2000000000      -20.8186016274        1.3081939751
      313.9000000000      -20.9290494518        1.3519956037
      314.6000000000      -20.9860497929        1.3847217488
      315.3000000000      -20.9926146334        1.4070988487
      316.0000000000      -20.9517538490        1.4198770907
      316.7000000000      -20.8664617645        1.4238205385
      317.4000000000      -20.7397047351        1.4196980477
      318.1000000000      -20.5744097572        1.4082750146
      318.8000000000      -20.3734541017        1.3903059852
      319.5000000000      -20.1396559572        1.3665281382
      320.2000000000      -19.8757660643        1.3376556355
      320.9000000000      -19.5844603165        1.3043748268
      321.6000000000      -19.2683332984        1.2673402793
      322.3000000000      -18.9298927270        1.2271715956
      323.0000000000      -18.5715547601        1.1844509757
      323.7000000000      -18.1956401301        1.1397214718
      324.4000000000      -17.8043710623        1.0934858816
      325.1000000000      -17.3998689321        1.0462062202
      325.8000000000      -16.9841526153        0.9983037130
      326.5000000000      -16.5591374869        0.9501592469
      327.2000000000      -16.1266350182        0.9021142220
      327.9000000000      -15.6883529279        0.8544717441
      328.6000000000      -15.2458958397        0.8074981025
      329.3000000000      -14.8007663995        0.7614244798
      330.0000000000      -14.3543668089        0.7164488440
      330.7000000000      -13.9080007295        0.6727379768
      331.4000000000      -13.4628755167        0.6304295948
      332.1000000000      -13.0201047424        0.5896345272
      332.8000000000      -12.5807109659        0.5504389153
      333.5000000000      -12.1456287185        0.5129064031
      334.2000000000      -11.7157076643        0.4770802950
      334.9000000000      -11.2917159058        0.4429856571
      335.6000000000      -10.8743434018        0.4106313452
      336.3000000000      -10.4642054707        0.3800119430
      337.0000000000      -10.0618463506        0.3511096016
      337.7000000000       -9.6677427924        0.3238957687
      338.4000000000       -9.2823076633        0.2983328040
      339.1000000000       -8.9058935408        0.2743754756
      339.8000000000       -8.5387962770        0.2519723368
      340.5000000000       -8.1812585188        0.2310669828
      341.2000000000       -7.8334731674        0.2115991900
      341.9000000000       -7.4955867651        0.1935059401
      342.6000000000       -7.1677027977        0.1767223339
      343.3000000000       -6.8498849034        0.1611823989
      344.0000000000       -6.5421599788        0.1468197979
      344.7000000000       -6.2445211762        0.1335684423
      345.4000000000       -5.9569307869        0.1213630191
      346.1000000000       -5.6793230048        0.1101394364
      346.8000000000       -5.4116065685        0.0998351945
      347.5000000000       -5.1536672794        0.0903896897
      348.2000000000       -4.9053703940        0.0817444566
      348.9000000000       -4.6665628911        0.0738433552
      349.6000000000       -4.4370756130        0.0666327094
      350.3000000000       -4.2167252830        0.0600614022
      351.0000000000       -4.0053164003        0.0540809324
      351.7000000000       -3.8026430142        0.0486454391
      352.4000000000       -3.6084903815        0.0437116974
      353.1000000000       -3.4226365080        0.0392390901
      353.8000000000       -3.2448535804        0.0351895598
      354.5000000000       -3.0749092896        0.0315275440
      355.2000000000       -2.9125680512        0.0282198965
      355.9000000000       -2.7575921261        0.0252357994
      356.6000000000       -2.6097426461        0.0225466658
      357.3000000000       -2.4687805491        0.0201260377
      358.0000000000       -2.3344674266        0.0179494795
      358.7000000000       -2.2065662910        0.0159944698
      359.4000000000       -2.0848422634        0.0142402919
      360.1000000000       -1.9690631891        0.0126679256
      360.8000000000       -1.8590001844        0.0112599396
      361.5000000000       -1.7544281178        0.0100003873
      362.2000000000       -1.6551260313        0.0088747048
      362.9000000000       -1.5608775050        0.0078696128
      363.6000000000       -1.4714709691        0.0069730226
      364.3000000000       -1.3866999671        0.0061739460
      365.0000000000       -1.3063633735        0.0054624102
      365.7000000000       -1.2302655710        0.0048293771
      366.4000000000       -1.1582165877        0.0042666668
      367.1000000000       -1.0900322006        0.0037668864
      367.8000000000       -1.0255340067        0.0033233631
      368.5000000000       -0.9645494646        0.0029300818
      369.2000000000       -0.9069119104        0.0025816269
      369.9000000000       -0.8524605488        0.0022731287
      370.6000000000       -0.8010404241        0.0020002133
      371.3000000000       -0.7525023709        0.0017589569
      372.0000000000       -0.7067029488        0.0015458433
      372.7000000000       -0.6635043615        0.0013577250
      373.4000000000       -0.6227743633        0.0011917876
      374.1000000000       -0.5843861539        0.0010455171
      374.8000000000       -0.5482182634        0.0009166703
      375.5000000000       -0.5141544296        0.0008032473
      376.2000000000       -0.4820834677        0.0007034672
      376.9000000000       -0.4518991347        0.0006157453
      377.6000000000       -0.4234999892        0.0005386731
      378.3000000000       -0.3967892478        0.0004709996
      379.0000000000       -0.3716746387        0.0004116148
      379.7000000000       -0.3480682542        0.0003595344
      380.4000000000       -0.3258864017        0.0003138868
      381.1000000000       -0.3050494548        0.0002739003
      381.8000000000       -0.2854817051        0.0002388927
      382.5000000000       -0.2671112145        0.0002082609
      383.2000000000       -0.2498696689        0.0001814726
      383.9000000000       -0.2336922348        0.0001580579
      384.6000000000       -0.2185174171        0.0001376027
      385.3000000000       -0.2042869200        0.0001197421
      386.0000000000       -0.1909455106        0.0001041548
      386.7000000000       -0.1784408861        0.0000905582
      387.4000000000       -0.1667235438        0.0000787039
      388.1000000000       -0.1557466548        0.0000683734
      388.8000000000       -0.1454659416        0.0000593751
      389.5000000000       -0.1358395585        0.0000515407
      390.2000000000       -0.1268279772        0.0000447229
      390.9000000000       -0.1183938751        0.0000387922
      391.6000000000       -0.1105020278        0.0000336356
      392.3000000000       -0.1031192057        0.0000291538
      393.0000000000       -0.0962140741        0.0000252601
      393.7000000000       -0.0897570973        0.0000218789
      394.4000000000       -0.0837204469        0.0000189437
      395.1000000000       -0.0780779129        0.0000163968
      395.8000000000       -0.0728048191        0.0000141876
      396.5000000000       -0.0678779424        0.0000122721
      397.2000000000       -0.0632754349        0.0000106119
      397.9000000000       -0.0589767498        0.0000091734
      398.6000000000       -0.0549625710        0.0000079275
      399.3000000000       -0.0512147450        0.0000068488
      400.0000000000       -0.0477162172        0.0000059151
