# ECD Spectrum
# X-Axis:  Wavelength (nm)
# Y-Axis:  &Delta;&epsilon; (10-40 esu2 cm2)
# Y-Axis2: Rvel

# Peak information
#                  X                   Y                  Y2
#     309.3100000000       62.9122000000      565.4891072866
#     288.0600000000      -50.8201000000     -490.4964756702
#     281.1400000000       54.5339000000      539.2960622351
#     272.8500000000      -79.5023000000     -810.1008113511
#     264.0800000000      -21.8303000000     -229.8304275382
#     263.3700000000      100.7393000000     1063.4472617253
#     258.5900000000        6.1983000000       66.6414132608
#     254.4600000000      -21.5381000000     -235.3266966189
#     245.0100000000        3.2748000000       37.1607357191
#     244.0800000000       12.4584000000      141.9101333809
#     241.1600000000        6.9271000000       79.8600383246
#     237.8300000000       12.2254000000      142.9156451119
#     230.5300000000       65.5069000000      790.0288112605
#     229.0700000000       -7.2695000000      -88.2306862916
#     227.9400000000      -27.3036000000     -333.0294968393
#     225.5200000000       10.6294000000      131.0409460830
#     223.0900000000       84.9680000000     1058.9089636809
#     221.7600000000      -71.5176000000     -896.6295573415
#     220.0500000000      -61.7978000000     -780.7913149926
#     219.3300000000       -5.9222000000      -75.0703366806
#     217.8900000000       65.7059000000      838.3983246183
#     216.8000000000      -36.3818000000     -466.5607887710
#     213.9100000000      -61.3607000000     -797.5217756822
#     213.1700000000       -0.6121000000       -7.9832481053
#     212.4200000000       51.9234000000      679.5963701817
#     208.9700000000       25.5452000000      339.8667642765
#     207.3700000000      -38.6825000000     -518.6231979742
#     202.9900000000       14.3915000000      197.1127653133
#     196.7900000000      -45.4501000000     -642.1184514422
#     196.0000000000        5.3288000000       75.5886661155

# Spectra
#                  X                   Y               DY/DX
       50.0000000000        0.0000000000        0.0000000000
       50.8000000000        0.0000000000        0.0000000000
       51.6000000000        0.0000000000        0.0000000000
       52.4000000000        0.0000000000        0.0000000000
       53.2000000000        0.0000000000        0.0000000000
       54.0000000000        0.0000000000        0.0000000000
       54.8000000000        0.0000000000        0.0000000000
       55.6000000000        0.0000000000        0.0000000000
       56.4000000000        0.0000000000        0.0000000000
       57.2000000000        0.0000000000        0.0000000000
       58.0000000000        0.0000000000        0.0000000000
       58.8000000000        0.0000000000        0.0000000000
       59.6000000000        0.0000000000        0.0000000000
       60.4000000000        0.0000000000        0.0000000000
       61.2000000000        0.0000000000        0.0000000000
       62.0000000000        0.0000000000        0.0000000000
       62.8000000000        0.0000000000        0.0000000000
       63.6000000000        0.0000000000        0.0000000000
       64.4000000000        0.0000000000        0.0000000000
       65.2000000000        0.0000000000        0.0000000000
       66.0000000000        0.0000000000        0.0000000000
       66.8000000000        0.0000000000        0.0000000000
       67.6000000000        0.0000000000        0.0000000000
       68.4000000000        0.0000000000        0.0000000000
       69.2000000000        0.0000000000        0.0000000000
       70.0000000000        0.0000000000        0.0000000000
       70.8000000000        0.0000000000        0.0000000000
       71.6000000000        0.0000000000        0.0000000000
       72.4000000000        0.0000000000        0.0000000000
       73.2000000000        0.0000000000        0.0000000000
       74.0000000000        0.0000000000        0.0000000000
       74.8000000000        0.0000000000        0.0000000000
       75.6000000000        0.0000000000        0.0000000000
       76.4000000000        0.0000000000        0.0000000000
       77.2000000000        0.0000000000        0.0000000000
       78.0000000000        0.0000000000        0.0000000000
       78.8000000000        0.0000000000        0.0000000000
       79.6000000000        0.0000000000        0.0000000000
       80.4000000000        0.0000000000        0.0000000000
       81.2000000000        0.0000000000        0.0000000000
       82.0000000000        0.0000000000        0.0000000000
       82.8000000000        0.0000000000        0.0000000000
       83.6000000000        0.0000000000        0.0000000000
       84.4000000000        0.0000000000        0.0000000000
       85.2000000000        0.0000000000        0.0000000000
       86.0000000000        0.0000000000        0.0000000000
       86.8000000000        0.0000000000        0.0000000000
       87.6000000000        0.0000000000        0.0000000000
       88.4000000000        0.0000000000        0.0000000000
       89.2000000000        0.0000000000        0.0000000000
       90.0000000000        0.0000000000        0.0000000000
       90.8000000000        0.0000000000        0.0000000000
       91.6000000000        0.0000000000        0.0000000000
       92.4000000000        0.0000000000        0.0000000000
       93.2000000000        0.0000000000        0.0000000000
       94.0000000000        0.0000000000        0.0000000000
       94.8000000000        0.0000000000        0.0000000000
       95.6000000000       -0.0000000000        0.0000000000
       96.4000000000       -0.0000000000        0.0000000000
       97.2000000000       -0.0000000000        0.0000000000
       98.0000000000       -0.0000000000        0.0000000000
       98.8000000000       -0.0000000000        0.0000000000
       99.6000000000       -0.0000000000        0.0000000000
      100.4000000000       -0.0000000000        0.0000000000
      101.2000000000       -0.0000000000        0.0000000000
      102.0000000000       -0.0000000000        0.0000000000
      102.8000000000       -0.0000000000        0.0000000000
      103.6000000000       -0.0000000000        0.0000000000
      104.4000000000       -0.0000000000        0.0000000000
      105.2000000000       -0.0000000000        0.0000000000
      106.0000000000       -0.0000000000        0.0000000000
      106.8000000000       -0.0000000000        0.0000000000
      107.6000000000       -0.0000000000        0.0000000000
      108.4000000000       -0.0000000000        0.0000000000
      109.2000000000       -0.0000000000        0.0000000000
      110.0000000000       -0.0000000000        0.0000000000
      110.8000000000       -0.0000000000        0.0000000000
      111.6000000000       -0.0000000000        0.0000000000
      112.4000000000       -0.0000000000        0.0000000000
      113.2000000000       -0.0000000000        0.0000000000
      114.0000000000       -0.0000000000        0.0000000000
      114.8000000000       -0.0000000000        0.0000000000
      115.6000000000       -0.0000000000        0.0000000000
      116.4000000000       -0.0000000000        0.0000000000
      117.2000000000       -0.0000000000        0.0000000000
      118.0000000000       -0.0000000000        0.0000000000
      118.8000000000       -0.0000000000        0.0000000000
      119.6000000000       -0.0000000000        0.0000000000
      120.4000000000       -0.0000000000        0.0000000000
      121.2000000000       -0.0000000000        0.0000000000
      122.0000000000       -0.0000000000        0.0000000000
      122.8000000000       -0.0000000000        0.0000000000
      123.6000000000       -0.0000000000        0.0000000000
      124.4000000000       -0.0000000000        0.0000000000
      125.2000000000       -0.0000000000        0.0000000000
      126.0000000000       -0.0000000000        0.0000000000
      126.8000000000       -0.0000000000        0.0000000000
      127.6000000000       -0.0000000000        0.0000000000
      128.4000000000       -0.0000000000        0.0000000000
      129.2000000000       -0.0000000000        0.0000000000
      130.0000000000       -0.0000000000       -0.0000000000
      130.8000000000       -0.0000000000       -0.0000000000
      131.6000000000       -0.0000000000       -0.0000000000
      132.4000000000       -0.0000000000       -0.0000000000
      133.2000000000       -0.0000000000       -0.0000000000
      134.0000000000       -0.0000000000       -0.0000000000
      134.8000000000       -0.0000000000       -0.0000000000
      135.6000000000       -0.0000000000       -0.0000000000
      136.4000000000       -0.0000000000       -0.0000000000
      137.2000000000       -0.0000000000       -0.0000000000
      138.0000000000       -0.0000000000       -0.0000000000
      138.8000000000       -0.0000000000       -0.0000000000
      139.6000000000       -0.0000000000       -0.0000000000
      140.4000000000       -0.0000000000       -0.0000000000
      141.2000000000       -0.0000000000       -0.0000000000
      142.0000000000       -0.0000000000       -0.0000000000
      142.8000000000       -0.0000000000       -0.0000000000
      143.6000000000       -0.0000000000       -0.0000000000
      144.4000000000       -0.0000000000       -0.0000000000
      145.2000000000       -0.0000000000       -0.0000000000
      146.0000000000       -0.0000000000       -0.0000000000
      146.8000000000       -0.0000000000       -0.0000000000
      147.6000000000       -0.0000000000       -0.0000000000
      148.4000000000       -0.0000000000       -0.0000000000
      149.2000000000       -0.0000000001       -0.0000000000
      150.0000000000       -0.0000000004       -0.0000000000
      150.8000000000       -0.0000000013       -0.0000000000
      151.6000000000       -0.0000000037       -0.0000000000
      152.4000000000       -0.0000000100       -0.0000000000
      153.2000000000       -0.0000000262       -0.0000000000
      154.0000000000       -0.0000000668       -0.0000000000
      154.8000000000       -0.0000001648       -0.0000000000
      155.6000000000       -0.0000003941       -0.0000000000
      156.4000000000       -0.0000009148       -0.0000000000
      157.2000000000       -0.0000020627       -0.0000000000
      158.0000000000       -0.0000045208       -0.0000000000
      158.8000000000       -0.0000096380       -0.0000000000
      159.6000000000       -0.0000200019       -0.0000000000
      160.4000000000       -0.0000404350       -0.0000000001
      161.2000000000       -0.0000796782       -0.0000000003
      162.0000000000       -0.0001531436       -0.0000000010
      162.8000000000       -0.0002872823       -0.0000000034
      163.6000000000       -0.0005263043       -0.0000000117
      164.4000000000       -0.0009421977       -0.0000000380
      165.2000000000       -0.0016492111       -0.0000001176
      166.0000000000       -0.0028241296       -0.0000003481
      166.8000000000       -0.0047337533       -0.0000009843
      167.6000000000       -0.0077708966       -0.0000026632
      168.4000000000       -0.0124999073       -0.0000069024
      169.2000000000       -0.0197120677       -0.0000171526
      170.0000000000       -0.0304902517       -0.0000409091
      170.8000000000       -0.0462808498       -0.0000937318
      171.6000000000       -0.0689692822       -0.0002065047
      172.4000000000       -0.1009535187       -0.0004378579
      173.2000000000       -0.1452080901       -0.0008942667
      174.0000000000       -0.2053293812       -0.0017607087
      174.8000000000       -0.2855518346       -0.0033445344
      175.6000000000       -0.3907243892       -0.0061339165
      176.4000000000       -0.5262373117       -0.0108693886
      177.2000000000       -0.6978917360       -0.0186222717
      178.0000000000       -0.9117077716       -0.0308673405
      178.8000000000       -1.1736718419       -0.0495297444
      179.6000000000       -1.4894296650       -0.0769796615
      180.4000000000       -1.8639374928       -0.1159448691
      181.2000000000       -2.3010902505       -0.1693141274
      182.0000000000       -2.8033503639       -0.2398152664
      182.8000000000       -3.3714046403       -0.3295719752
      183.6000000000       -4.0038779914       -0.4395709716
      184.4000000000       -4.6971316695       -0.5691021592
      185.2000000000       -5.4451698969       -0.7152617818
      186.0000000000       -6.2396724465       -0.8726245033
      186.8000000000       -7.0701623439       -1.0331876251
      187.6000000000       -7.9243080727       -1.1866652343
      188.4000000000       -8.7883493553       -1.3211627893
      189.2000000000       -9.6476256891       -1.4241999879
      190.0000000000      -10.4871782552       -1.4839830892
      190.8000000000      -11.2923893867       -1.4907711250
      191.6000000000      -12.0496200611       -1.4381468989
      192.4000000000      -12.7468052053       -1.3240024792
      193.2000000000      -13.3739689936       -1.1510825052
      194.0000000000      -13.9236275484       -0.9269918716
      194.8000000000      -14.3910540348       -0.6636554018
      195.6000000000      -14.7743904085       -0.3763001920
      196.4000000000      -15.0746002590       -0.0821003537
      197.2000000000      -15.2952674877        0.2013337105
      198.0000000000      -15.4422552015        0.4574301000
      198.8000000000      -15.5232475396        0.6719259735
      199.6000000000      -15.5472036594        0.8338137121
      200.4000000000      -15.5237574549        0.9359039715
      201.2000000000      -15.4625986124        0.9750085475
      202.0000000000      -15.3728703403        0.9517962732
      202.8000000000      -15.2626167201        0.8704065300
      203.6000000000      -15.1383084113        0.7379147834
      204.4000000000      -15.0044698018        0.5637351683
      205.2000000000      -14.8634240596        0.3590224581
      206.0000000000      -14.7151653938        0.1361074954
      206.8000000000      -14.5573606064       -0.0920261340
      207.6000000000      -14.3854751413       -0.3122350023
      208.4000000000      -14.1930126586       -0.5116970362
      209.2000000000      -13.9718519648       -0.6783968986
      210.0000000000      -13.7126611250       -0.8016203126
      210.8000000000      -13.4053658669       -0.8724466272
      211.6000000000      -13.0396480262       -0.8842136069
      212.4000000000      -12.6054497095       -0.8329171483
      213.2000000000      -12.0934599846       -0.7175040490
      214.0000000000      -11.4955630822       -0.5400191045
      214.8000000000      -10.8052301087       -0.3055781277
      215.6000000000      -10.0178399187       -0.0221541383
      216.4000000000       -9.1309188301        0.2998176757
      217.2000000000       -8.1442930667        0.6479924052
      218.0000000000       -7.0601519627        1.0087859634
      218.8000000000       -5.8830238646        1.3681135731
      219.6000000000       -4.6196701668        1.7121409497
      220.4000000000       -3.2789058826        2.0279937810
      221.2000000000       -1.8713575084        2.3043773056
      222.0000000000       -0.4091706237        2.5320681828
      222.8000000000        1.0943193067        2.7042538752
      223.6000000000        2.6249390975        2.8167088341
      224.4000000000        4.1680393734        2.8678103340
      225.2000000000        5.7088526169        2.8584086197
      226.0000000000        7.2328360797        2.7915752093
      226.8000000000        8.7259894320        2.6722592521
      227.6000000000       10.1751387967        2.5068846704
      228.4000000000       11.5681807185        2.3029206363
      229.2000000000       12.8942815764        2.0684552045
      230.0000000000       14.1440298638        1.8117972697
      230.8000000000       15.3095405710        1.5411261221
      231.6000000000       16.3845125554        1.2642014207
      232.4000000000       17.3642412237        0.9881400089
      233.2000000000       18.2455900588        0.7192601706
      234.0000000000       19.0269254827        0.4629890470
      234.8000000000       19.7080202501        0.2238252428
      235.6000000000       20.2899310206        0.0053462554
      236.4000000000       20.7748559875       -0.1897507539
      237.2000000000       21.1659784450       -0.3595862820
      238.0000000000       21.4673020067       -0.5030243118
      238.8000000000       21.6834828508       -0.6195953084
      239.6000000000       21.8196639072       -0.7094228314
      240.4000000000       21.8813153427       -0.7731577993
      241.2000000000       21.8740850674       -0.8119220860
      242.0000000000       21.8036623184       -0.8272610344
      242.8000000000       21.6756566853       -0.8211028061
      243.6000000000       21.4954942594       -0.7957213541
      244.4000000000       21.2683319331       -0.7536992531
      245.2000000000       20.9989902554       -0.6978866450
      246.0000000000       20.6919046886       -0.6313530919
      246.8000000000       20.3510946120       -0.5573300782
      247.6000000000       19.9801489885       -0.4791431377
      248.4000000000       19.5822272591       -0.4001339575
      249.2000000000       19.1600737526       -0.3235741832
      250.0000000000       18.7160436961       -0.2525738799
      250.8000000000       18.2521387880       -0.1899885860
      251.6000000000       17.7700502340       -0.1383295361
      252.4000000000       17.2712071544       -0.0996818828
      253.2000000000       16.7568283315       -0.0756356026
      254.0000000000       16.2279753778       -0.0672332363
      254.8000000000       15.6856055563       -0.0749377608
      255.6000000000       15.1306226689       -0.0986227735
      256.4000000000       14.5639246373       -0.1375858979
      257.2000000000       13.9864466223       -0.1905849851
      258.0000000000       13.3991987629       -0.2558953903
      258.8000000000       12.8032978460       -0.3313854429
      259.6000000000       12.1999924476       -0.4146062705
      260.4000000000       11.5906813020       -0.5028914517
      261.2000000000       10.9769248571       -0.5934615800
      262.0000000000       10.3604501561       -0.6835287445
      262.8000000000        9.7431493463       -0.7703961534
      263.6000000000        9.1270722523       -0.8515486135
      264.4000000000        8.5144135614       -0.9247302882
      265.2000000000        7.9074952596       -0.9880070228
      266.0000000000        7.3087450137       -1.0398114933
      266.8000000000        6.7206712402       -1.0789704256
      267.6000000000        6.1458356156       -1.1047140933
      268.4000000000        5.5868237806       -1.1166691761
      269.2000000000        5.0462149758       -1.1148367995
      270.0000000000        4.5265513055       -1.0995581499
      270.8000000000        4.0303072862       -1.0714704570
      271.6000000000        3.5598602754       -1.0314563339
      272.4000000000        3.1174623151       -0.9805894918
      273.2000000000        2.7052138536       -0.9200797043
      274.0000000000        2.3250397396       -0.8512196164
      274.8000000000        1.9786678094       -0.7753356034
      275.6000000000        1.6676103135       -0.6937444257
      276.4000000000        1.3931483647       -0.6077169198
      277.2000000000        1.1563195188       -0.5184494600
      278.0000000000        0.9579085395       -0.4270434339
      278.8000000000        0.7984413422       -0.3344925364
      279.6000000000        0.6781820620       -0.2416773083
      280.4000000000        0.5971331420       -0.1493660475
      281.2000000000        0.5550383047       -0.0582210064
      282.0000000000        0.5513882322        0.0311913442
      282.8000000000        0.5854287558        0.1183872478
      283.6000000000        0.6561713338        0.2029510352
      284.4000000000        0.7624055819        0.2845200919
      285.2000000000        0.9027136070        0.3627704363
      286.0000000000        1.0754858910        0.4374037554
      286.8000000000        1.2789384688        0.5081365471
      287.6000000000        1.5111311458        0.5746918151
      288.4000000000        1.7699865038        0.6367935622
      289.2000000000        2.0533094547        0.6941641374
      290.0000000000        2.3588071083        0.7465243261
      290.8000000000        2.6841087339        0.7935959294
      291.6000000000        3.0267856096        0.8351064681
      292.4000000000        3.3843705665        0.8707955675
      293.2000000000        3.7543770519        0.9004225282
      294.0000000000        4.1343175527        0.9237745727
      294.8000000000        4.5217212357        0.9406752625
      295.6000000000        4.9141506810        0.9509926140
      296.4000000000        5.3092175993        0.9546464897
      297.2000000000        5.7045974435        0.9516149062
      298.0000000000        6.0980428414        0.9419389733
      298.8000000000        6.4873957906        0.9257262576
      299.6000000000        6.8705985753        0.9031524431
      300.4000000000        7.2457033784        0.8744612396
      301.2000000000        7.6108805761        0.8399625596
      302.0000000000        7.9644257171        0.8000290508
      302.8000000000        8.3047651985        0.7550911238
      303.6000000000        8.6304606660        0.7056306605
      304.4000000000        8.9402121713        0.6521736218
      305.2000000000        9.2328601331        0.5952817937
      306.0000000000        9.5073861549        0.5355439270
      306.8000000000        9.7629127588        0.4735665214
      307.6000000000        9.9987021033        0.4099645062
      308.4000000000       10.2141537548        0.3453520478
      309.2000000000       10.4088015899        0.2803337001
      310.0000000000       10.5823099057        0.2154960852
      310.8000000000       10.7344688188        0.1514002654
      311.6000000000       10.8651890352        0.0885749350
      312.4000000000       10.9744960711        0.0275105322
      313.2000000000       11.0625240076       -0.0313456637
      314.0000000000       11.1295088571       -0.0875934106
      314.8000000000       11.1757816207       -0.1408823508
      315.6000000000       11.2017611106       -0.1909138403
      316.4000000000       11.2079466092       -0.2374418016
      317.2000000000       11.1949104342       -0.2802726573
      318.0000000000       11.1632904722       -0.3192644178
      318.8000000000       11.1137827424       -0.3543250097
      319.6000000000       11.0471340442       -0.3854099400
      320.4000000000       10.9641347399       -0.4125193950
      321.2000000000       10.8656117182       -0.4356948790
      322.0000000000       10.7524215781       -0.4550154929
      322.8000000000       10.6254440705       -0.4705939542
      323.6000000000       10.4855758264       -0.4825724529
      324.4000000000       10.3337243999       -0.4911184315
      325.2000000000       10.1708026452       -0.4964203719
      326.0000000000        9.9977234458       -0.4986836588
      326.8000000000        9.8153948086       -0.4981265854
      327.6000000000        9.6247153303       -0.4949765532
      328.4000000000        9.4265700425       -0.4894665102
      329.2000000000        9.2218266354       -0.4818316616
      330.0000000000        9.0113320596       -0.4723064795
      330.8000000000        8.7959094992       -0.4611220268
      331.6000000000        8.5763557115       -0.4485036051
      332.4000000000        8.3534387209       -0.4346687295
      333.2000000000        8.1278958565       -0.4198254239
      334.0000000000        7.9004321202       -0.4041708300
      334.8000000000        7.6717188686       -0.3878901136
      335.6000000000        7.4423927948       -0.3711556520
      336.4000000000        7.2130551902       -0.3541264821
      337.2000000000        6.9842714716       -0.3369479851
      338.0000000000        6.7565709509       -0.3197517875
      338.8000000000        6.5304468340       -0.3026558494
      339.6000000000        6.3063564247       -0.2857647199
      340.4000000000        6.0847215189       -0.2691699324
      341.2000000000        5.8659289690       -0.2529505181
      342.0000000000        5.6503313998       -0.2371736140
      342.8000000000        5.4382480596       -0.2218951459
      343.6000000000        5.2299657887       -0.2071605663
      344.4000000000        5.0257400885       -0.1930056289
      345.2000000000        4.8257962767       -0.1794571857
      346.0000000000        4.6303307128       -0.1665339903
      346.8000000000        4.4395120808       -0.1542474970
      347.6000000000        4.2534827143       -0.1426026447
      348.4000000000        4.0723599550       -0.1315986163
      349.2000000000        3.8962375292       -0.1212295669
      350.0000000000        3.7251869359       -0.1114853157
      350.8000000000        3.5592588344       -0.1023519964
      351.6000000000        3.3984844239       -0.0938126629
      352.4000000000        3.2428768075       -0.0858478501
      353.2000000000        3.0924323334       -0.0784360865
      354.0000000000        2.9471319077       -0.0715543603
      354.8000000000        2.8069422730       -0.0651785390
      355.6000000000        2.6718172490       -0.0592837432
      356.4000000000        2.5416989305       -0.0538446770
      357.2000000000        2.4165188409       -0.0488359176
      358.0000000000        2.2961990371       -0.0442321641
      358.8000000000        2.1806531651       -0.0400084516
      359.6000000000        2.0697874643       -0.0361403300
      360.4000000000        1.9635017197       -0.0326040121
      361.2000000000        1.8616901614       -0.0293764940
      362.0000000000        1.7642423113       -0.0264356489
      362.8000000000        1.6710437776       -0.0237602988
      363.6000000000        1.5819769970       -0.0213302657
      364.4000000000        1.4969219257       -0.0191264047
      365.2000000000        1.4157566806       -0.0171306222
      366.0000000000        1.3383581318       -0.0153258799
      366.8000000000        1.2646024474       -0.0136961880
      367.6000000000        1.1943655927       -0.0122265892
      368.4000000000        1.1275237858       -0.0109031338
      369.2000000000        1.0639539103       -0.0097128493
      370.0000000000        1.0035338887       -0.0086437051
      370.8000000000        0.9461430167       -0.0076845724
      371.6000000000        0.8916622612       -0.0068251822
      372.4000000000        0.8399745246       -0.0060560815
      373.2000000000        0.7909648761       -0.0053685877
      374.0000000000        0.7445207528       -0.0047547433
      374.8000000000        0.7005321327       -0.0042072702
      375.6000000000        0.6588916808       -0.0037195255
      376.4000000000        0.6194948707       -0.0032854572
      377.2000000000        0.5822400836       -0.0028995620
      378.0000000000        0.5470286862       -0.0025568449
      378.8000000000        0.5137650888       -0.0022527794
      379.6000000000        0.4823567866       -0.0019832708
      380.4000000000        0.4527143840       -0.0017446211
      381.2000000000        0.4247516045       -0.0015334955
      382.0000000000        0.3983852881       -0.0013468914
      382.8000000000        0.3735353754       -0.0011821093
      383.6000000000        0.3501248821       -0.0010367258
      384.4000000000        0.3280798639       -0.0009085679
      385.2000000000        0.3073293727       -0.0007956903
      386.0000000000        0.2878054058       -0.0006963537
      386.8000000000        0.2694428486       -0.0006090045
      387.6000000000        0.2521794120       -0.0005322573
      388.4000000000        0.2359555649       -0.0004648778
      389.2000000000        0.2207144635       -0.0004057677
      390.0000000000        0.2064018766       -0.0003539510
      390.8000000000        0.1929661092       -0.0003085609
      391.6000000000        0.1803579235       -0.0002688290
      392.4000000000        0.1685304592       -0.0002340743
      393.2000000000        0.1574391528       -0.0002036944
      394.0000000000        0.1470416557       -0.0001771564
      394.8000000000        0.1372977535       -0.0001539897
      395.6000000000        0.1281692844       -0.0001337793
      396.4000000000        0.1196200595       -0.0001161590
      397.2000000000        0.1116157825       -0.0001008065
      398.0000000000        0.1041239720       -0.0000874379
      398.8000000000        0.0971138842       -0.0000758040
      399.6000000000        0.0905564374       -0.0000656854
      400.4000000000        0.0844241382       -0.0000568899
      401.2000000000        0.0786910098       -0.0000492487
      402.0000000000        0.0733325215       -0.0000426140
      402.8000000000        0.0683255211       -0.0000368563
      403.6000000000        0.0636481685       -0.0000318623
      404.4000000000        0.0592798721       -0.0000275330
      405.2000000000        0.0552012271       -0.0000237817
      406.0000000000        0.0513939557       -0.0000205329
      406.8000000000        0.0478408503       -0.0000177206
      407.6000000000        0.0445257176       -0.0000152874
      408.4000000000        0.0414333262       -0.0000131831
      409.2000000000        0.0385493557       -0.0000113641
      410.0000000000        0.0358603475       -0.0000097924
      410.8000000000        0.0333536587       -0.0000084349
      411.6000000000        0.0310174174       -0.0000072630
      412.4000000000        0.0288404797       -0.0000062517
      413.2000000000        0.0268123898       -0.0000053794
      414.0000000000        0.0249233405       -0.0000046273
      414.8000000000        0.0231641368       -0.0000039790
      415.6000000000        0.0215261608       -0.0000034204
      416.4000000000        0.0200013378       -0.0000029393
      417.2000000000        0.0185821055       -0.0000025251
      418.0000000000        0.0172613830       -0.0000021686
      418.8000000000        0.0160325429       -0.0000018619
      419.6000000000        0.0148893840       -0.0000015982
      420.4000000000        0.0138261056       -0.0000013714
      421.2000000000        0.0128372837       -0.0000011764
      422.0000000000        0.0119178474       -0.0000010089
      422.8000000000        0.0110630580       -0.0000008651
      423.6000000000        0.0102684878       -0.0000007415
      424.4000000000        0.0095300014       -0.0000006355
      425.2000000000        0.0088437371       -0.0000005445
      426.0000000000        0.0082060899       -0.0000004664
      426.8000000000        0.0076136952       -0.0000003994
      427.6000000000        0.0070634136       -0.0000003420
      428.4000000000        0.0065523167       -0.0000002927
      429.2000000000        0.0060776731       -0.0000002505
      430.0000000000        0.0056369365       -0.0000002144
      430.8000000000        0.0052277328       -0.0000001834
      431.6000000000        0.0048478498       -0.0000001568
      432.4000000000        0.0044952261       -0.0000001341
      433.2000000000        0.0041679411       -0.0000001147
      434.0000000000        0.0038642065       -0.0000000980
      434.8000000000        0.0035823565       -0.0000000838
      435.6000000000        0.0033208406       -0.0000000716
      436.4000000000        0.0030782153       -0.0000000612
      437.2000000000        0.0028531375       -0.0000000523
      438.0000000000        0.0026443572       -0.0000000446
      438.8000000000        0.0024507116       -0.0000000381
      439.6000000000        0.0022711190       -0.0000000326
      440.4000000000        0.0021045737       -0.0000000278
      441.2000000000        0.0019501402       -0.0000000237
      442.0000000000        0.0018069491       -0.0000000203
      442.8000000000        0.0016741920       -0.0000000173
      443.6000000000        0.0015511178       -0.0000000148
      444.4000000000        0.0014370282       -0.0000000126
      445.2000000000        0.0013312747       -0.0000000107
      446.0000000000        0.0012332548       -0.0000000092
      446.8000000000        0.0011424087       -0.0000000078
      447.6000000000        0.0010582166       -0.0000000067
      448.4000000000        0.0009801958       -0.0000000057
      449.2000000000        0.0009078981       -0.0000000048
