# ECD Spectrum
# X-Axis:  Wavelength (nm)
# Y-Axis:  &Delta;&epsilon; (10-40 esu2 cm2)
# Y-Axis2: Rvel

# Peak information
#                  X                   Y                  Y2
#     298.6500000000      192.5064000000     1743.0872451880
#     282.4600000000     -152.1864000000    -1456.9859394604
#     272.0700000000     -184.1090000000    -1829.9146502132
#     265.0700000000      119.5901000000     1220.0317210520
#     262.1500000000     -151.6179000000    -1564.0012169828
#     257.7900000000      -19.3803000000     -203.2969675429
#     256.9000000000       -5.9847000000      -62.9962579150
#     251.4000000000       -6.6612000000      -71.6512335514
#     245.2900000000       77.6477000000      856.0225875939
#     236.1300000000       22.0297000000      252.2864277823
#     233.9700000000       16.8323000000      194.5448593328
#     232.7500000000       -8.8766000000     -103.1319981060
#     230.5700000000       -7.0774000000      -83.0056039329
#     226.3900000000       -3.5642000000      -42.5736904385
#     224.4300000000      -34.6744000000     -417.7962301960
#     223.4700000000       13.1000000000      158.5216332649
#     220.1600000000        7.4783000000       91.8546059476
#     219.5600000000       -7.2374000000      -89.1386034373
#     217.4000000000      -24.6273000000     -306.3329637319
#     216.7000000000       24.6801000000      307.9813904340
#     215.2900000000       23.9206000000      300.4586300261
#     214.7000000000       -4.2385000000      -53.3846764174
#     212.4300000000        1.3094000000       16.6683633541
#     212.1400000000       56.1162000000      715.3229542260
#     207.2100000000      -43.8844000000     -572.7115290327
#     202.3500000000       19.4840000000      260.3822549740
#     202.3300000000       19.8654000000      265.5054891729
#     201.0200000000      -76.9553000000    -1035.2273530287
#     200.7000000000        7.0837000000       95.4441378532
#     199.7000000000       -3.3574000000      -45.4633561715

# Spectra
#                  X                   Y               DY/DX
       50.0000000000        0.0000000000        0.0000000000
       50.7000000000        0.0000000000        0.0000000000
       51.4000000000        0.0000000000        0.0000000000
       52.1000000000        0.0000000000        0.0000000000
       52.8000000000        0.0000000000        0.0000000000
       53.5000000000        0.0000000000        0.0000000000
       54.2000000000        0.0000000000        0.0000000000
       54.9000000000        0.0000000000        0.0000000000
       55.6000000000        0.0000000000        0.0000000000
       56.3000000000        0.0000000000        0.0000000000
       57.0000000000        0.0000000000        0.0000000000
       57.7000000000        0.0000000000        0.0000000000
       58.4000000000        0.0000000000        0.0000000000
       59.1000000000        0.0000000000        0.0000000000
       59.8000000000        0.0000000000        0.0000000000
       60.5000000000        0.0000000000        0.0000000000
       61.2000000000        0.0000000000        0.0000000000
       61.9000000000        0.0000000000        0.0000000000
       62.6000000000        0.0000000000        0.0000000000
       63.3000000000        0.0000000000        0.0000000000
       64.0000000000        0.0000000000        0.0000000000
       64.7000000000        0.0000000000        0.0000000000
       65.4000000000        0.0000000000        0.0000000000
       66.1000000000        0.0000000000        0.0000000000
       66.8000000000        0.0000000000        0.0000000000
       67.5000000000        0.0000000000        0.0000000000
       68.2000000000        0.0000000000        0.0000000000
       68.9000000000        0.0000000000        0.0000000000
       69.6000000000        0.0000000000        0.0000000000
       70.3000000000        0.0000000000        0.0000000000
       71.0000000000        0.0000000000        0.0000000000
       71.7000000000        0.0000000000        0.0000000000
       72.4000000000       -0.0000000000        0.0000000000
       73.1000000000       -0.0000000000        0.0000000000
       73.8000000000       -0.0000000000        0.0000000000
       74.5000000000       -0.0000000000        0.0000000000
       75.2000000000       -0.0000000000        0.0000000000
       75.9000000000       -0.0000000000        0.0000000000
       76.6000000000       -0.0000000000        0.0000000000
       77.3000000000       -0.0000000000        0.0000000000
       78.0000000000       -0.0000000000        0.0000000000
       78.7000000000       -0.0000000000        0.0000000000
       79.4000000000       -0.0000000000        0.0000000000
       80.1000000000       -0.0000000000        0.0000000000
       80.8000000000       -0.0000000000        0.0000000000
       81.5000000000       -0.0000000000        0.0000000000
       82.2000000000       -0.0000000000        0.0000000000
       82.9000000000       -0.0000000000        0.0000000000
       83.6000000000       -0.0000000000        0.0000000000
       84.3000000000       -0.0000000000        0.0000000000
       85.0000000000       -0.0000000000        0.0000000000
       85.7000000000       -0.0000000000        0.0000000000
       86.4000000000       -0.0000000000        0.0000000000
       87.1000000000       -0.0000000000        0.0000000000
       87.8000000000       -0.0000000000        0.0000000000
       88.5000000000       -0.0000000000        0.0000000000
       89.2000000000       -0.0000000000        0.0000000000
       89.9000000000       -0.0000000000        0.0000000000
       90.6000000000       -0.0000000000       -0.0000000000
       91.3000000000       -0.0000000000       -0.0000000000
       92.0000000000       -0.0000000000       -0.0000000000
       92.7000000000       -0.0000000000       -0.0000000000
       93.4000000000       -0.0000000000       -0.0000000000
       94.1000000000       -0.0000000000       -0.0000000000
       94.8000000000       -0.0000000000       -0.0000000000
       95.5000000000       -0.0000000000       -0.0000000000
       96.2000000000       -0.0000000000       -0.0000000000
       96.9000000000       -0.0000000000       -0.0000000000
       97.6000000000       -0.0000000000       -0.0000000000
       98.3000000000       -0.0000000000       -0.0000000000
       99.0000000000       -0.0000000000       -0.0000000000
       99.7000000000       -0.0000000000       -0.0000000000
      100.4000000000       -0.0000000000       -0.0000000000
      101.1000000000       -0.0000000000       -0.0000000000
      101.8000000000       -0.0000000000       -0.0000000000
      102.5000000000       -0.0000000000       -0.0000000000
      103.2000000000       -0.0000000000       -0.0000000000
      103.9000000000       -0.0000000000       -0.0000000000
      104.6000000000       -0.0000000000       -0.0000000000
      105.3000000000       -0.0000000000       -0.0000000000
      106.0000000000       -0.0000000000       -0.0000000000
      106.7000000000       -0.0000000000       -0.0000000000
      107.4000000000       -0.0000000000       -0.0000000000
      108.1000000000       -0.0000000000       -0.0000000000
      108.8000000000       -0.0000000000       -0.0000000000
      109.5000000000       -0.0000000000       -0.0000000000
      110.2000000000       -0.0000000000       -0.0000000000
      110.9000000000       -0.0000000000       -0.0000000000
      111.6000000000       -0.0000000000       -0.0000000000
      112.3000000000       -0.0000000000       -0.0000000000
      113.0000000000       -0.0000000000       -0.0000000000
      113.7000000000       -0.0000000000       -0.0000000000
      114.4000000000       -0.0000000000       -0.0000000000
      115.1000000000       -0.0000000000       -0.0000000000
      115.8000000000       -0.0000000000       -0.0000000000
      116.5000000000       -0.0000000000       -0.0000000000
      117.2000000000       -0.0000000000       -0.0000000000
      117.9000000000       -0.0000000000       -0.0000000000
      118.6000000000       -0.0000000000       -0.0000000000
      119.3000000000       -0.0000000000       -0.0000000000
      120.0000000000       -0.0000000000       -0.0000000000
      120.7000000000       -0.0000000000       -0.0000000000
      121.4000000000       -0.0000000000       -0.0000000000
      122.1000000000       -0.0000000000       -0.0000000000
      122.8000000000       -0.0000000000       -0.0000000000
      123.5000000000       -0.0000000000       -0.0000000000
      124.2000000000       -0.0000000000       -0.0000000000
      124.9000000000       -0.0000000000       -0.0000000000
      125.6000000000       -0.0000000000       -0.0000000000
      126.3000000000       -0.0000000000       -0.0000000000
      127.0000000000       -0.0000000000       -0.0000000000
      127.7000000000       -0.0000000000       -0.0000000000
      128.4000000000       -0.0000000000       -0.0000000000
      129.1000000000       -0.0000000000       -0.0000000000
      129.8000000000       -0.0000000000       -0.0000000000
      130.5000000000       -0.0000000000       -0.0000000000
      131.2000000000       -0.0000000000       -0.0000000000
      131.9000000000       -0.0000000000       -0.0000000000
      132.6000000000       -0.0000000000       -0.0000000000
      133.3000000000       -0.0000000000       -0.0000000000
      134.0000000000       -0.0000000000       -0.0000000000
      134.7000000000       -0.0000000000       -0.0000000000
      135.4000000000       -0.0000000000       -0.0000000000
      136.1000000000       -0.0000000000       -0.0000000000
      136.8000000000       -0.0000000000       -0.0000000000
      137.5000000000       -0.0000000000       -0.0000000000
      138.2000000000       -0.0000000000       -0.0000000000
      138.9000000000       -0.0000000000       -0.0000000000
      139.6000000000       -0.0000000000       -0.0000000000
      140.3000000000       -0.0000000000       -0.0000000000
      141.0000000000       -0.0000000000       -0.0000000000
      141.7000000000       -0.0000000000       -0.0000000000
      142.4000000000       -0.0000000000       -0.0000000000
      143.1000000000       -0.0000000000       -0.0000000000
      143.8000000000       -0.0000000000       -0.0000000000
      144.5000000000       -0.0000000000       -0.0000000000
      145.2000000000       -0.0000000000       -0.0000000000
      145.9000000000       -0.0000000000       -0.0000000000
      146.6000000000       -0.0000000000       -0.0000000000
      147.3000000000       -0.0000000000       -0.0000000000
      148.0000000000       -0.0000000000       -0.0000000000
      148.7000000000       -0.0000000000       -0.0000000000
      149.4000000000       -0.0000000000       -0.0000000000
      150.1000000000       -0.0000000000       -0.0000000000
      150.8000000000       -0.0000000001       -0.0000000000
      151.5000000000       -0.0000000002       -0.0000000000
      152.2000000000       -0.0000000006       -0.0000000000
      152.9000000000       -0.0000000014       -0.0000000000
      153.6000000000       -0.0000000034       -0.0000000000
      154.3000000000       -0.0000000080       -0.0000000000
      155.0000000000       -0.0000000184       -0.0000000000
      155.7000000000       -0.0000000414       -0.0000000000
      156.4000000000       -0.0000000908       -0.0000000000
      157.1000000000       -0.0000001949       -0.0000000000
      157.8000000000       -0.0000004089       -0.0000000000
      158.5000000000       -0.0000008399       -0.0000000000
      159.2000000000       -0.0000016886       -0.0000000000
      159.9000000000       -0.0000033257       -0.0000000000
      160.6000000000       -0.0000064183       -0.0000000000
      161.3000000000       -0.0000121440       -0.0000000000
      162.0000000000       -0.0000225371       -0.0000000000
      162.7000000000       -0.0000410403       -0.0000000001
      163.4000000000       -0.0000733646       -0.0000000002
      164.1000000000       -0.0001287960       -0.0000000006
      164.8000000000       -0.0002221433       -0.0000000018
      165.5000000000       -0.0003765729       -0.0000000052
      166.2000000000       -0.0006276477       -0.0000000146
      166.9000000000       -0.0010289543       -0.0000000397
      167.6000000000       -0.0016597695       -0.0000001038
      168.3000000000       -0.0026352723       -0.0000002629
      169.0000000000       -0.0041198376       -0.0000006441
      169.7000000000       -0.0063439360       -0.0000015283
      170.4000000000       -0.0096250993       -0.0000035138
      171.1000000000       -0.0143932710       -0.0000078336
      171.8000000000       -0.0212206328       -0.0000169446
      172.5000000000       -0.0308556701       -0.0000355834
      173.2000000000       -0.0442608112       -0.0000725883
      173.9000000000       -0.0626524521       -0.0001439260
      174.6000000000       -0.0875415781       -0.0002775291
      175.3000000000       -0.1207725559       -0.0005207274
      176.0000000000       -0.1645570346       -0.0009512076
      176.7000000000       -0.2214993275       -0.0016924930
      177.4000000000       -0.2946092118       -0.0029348285
      178.1000000000       -0.3872978548       -0.0049619713
      178.8000000000       -0.5033526158       -0.0081836422
      179.5000000000       -0.6468868496       -0.0131722153
      180.2000000000       -0.8222615677       -0.0207006252
      180.9000000000       -1.0339769336       -0.0317765511
      181.6000000000       -1.2865330355       -0.0476659494
      182.3000000000       -1.5842611541       -0.0698973175
      183.0000000000       -1.9311287369       -0.1002371549
      183.7000000000       -2.3305233784       -0.1406274581
      184.4000000000       -2.7850231617       -0.1930781562
      185.1000000000       -3.2961625785       -0.2595113808
      185.8000000000       -3.8642047701       -0.3415602578
      186.5000000000       -4.4879318667       -0.4403320003
      187.2000000000       -5.1644656488       -0.5561525708
      187.9000000000       -5.8891305071       -0.6883168822
      188.6000000000       -6.6553697181       -0.8348731259
      189.3000000000       -7.4547243744       -0.9924712145
      190.0000000000       -8.2768819805       -1.1563027639
      190.7000000000       -9.1097988404       -1.3201534042
      191.4000000000       -9.9398970770       -1.4765780703
      192.1000000000      -10.7523336053       -1.6171975328
      192.8000000000      -11.5313348262       -1.7331014850
      193.5000000000      -12.2605874213       -1.8153318592
      194.2000000000      -12.9236725986       -1.8554113773
      194.9000000000      -13.5045286474       -1.8458777842
      195.6000000000      -13.9879248449       -1.7807842161
      196.3000000000      -14.3599287271       -1.6561303662
      197.0000000000      -14.6083485499       -1.4701965266
      197.7000000000      -14.7231334368       -1.2237617958
      198.4000000000      -14.6967151999       -0.9201972190
      199.1000000000      -14.5242780566       -0.5654330952
      199.8000000000      -14.2039453205       -0.1678062935
      200.5000000000      -13.7368754816        0.2622020854
      201.2000000000      -13.1272637340        0.7123257198
      201.9000000000      -12.3822487820        1.1689543201
      202.6000000000      -11.5117284747        1.6176416338
      203.3000000000      -10.5280913183        2.0436633590
      204.0000000000       -9.4458740352        2.4326060549
      204.7000000000       -8.2813579568        2.7709653780
      205.4000000000       -7.0521190488        3.0467289276
      206.1000000000       -5.7765477136        3.2499163656
      206.8000000000       -4.4733551631        3.3730481330
      207.5000000000       -3.1610831086        3.4115147653
      208.2000000000       -1.8576328151        3.3638220375
      208.9000000000       -0.5798282701        3.2316930398
      209.6000000000        0.6569735766        3.0200165092
      210.3000000000        1.8392147517        2.7366406023
      211.0000000000        2.9554021052        2.3920218229
      211.7000000000        3.9963014539        1.9987489022
      212.4000000000        4.9550571108        1.5709700120
      213.1000000000        5.8272365351        1.1237579041
      213.8000000000        6.6108023228        0.6724508487
      214.5000000000        7.3060160022        0.2320073839
      215.2000000000        7.9152800297       -0.1835899500
      215.9000000000        8.4429259631       -0.5618520896
      216.6000000000        8.8949579774       -0.8921995440
      217.3000000000        9.2787616877       -1.1662627673
      218.0000000000        9.6027886451       -1.3780609589
      218.7000000000        9.8762269105       -1.5240614342
      219.4000000000       10.1086678074       -1.6031286262
      220.1000000000       10.3097783596       -1.6163771987
      220.8000000000       10.4889880782       -1.5669474885
      221.5000000000       10.6551977230       -1.4597234990
      222.2000000000       10.8165164900       -1.3010140745
      222.9000000000       10.9800328123       -1.0982169188
      223.6000000000       11.1516226554       -0.8594830817
      224.3000000000       11.3357978978       -0.5933967563
      225.0000000000       11.5355961317       -0.3086820124
      225.7000000000       11.7525120541       -0.0139447420
      226.4000000000       11.9864695469        0.2825451640
      227.1000000000       12.2358326089        0.5730293527
      227.8000000000       12.4974524980        0.8503947576
      228.5000000000       12.7667477854        1.1082681093
      229.2000000000       13.0378135162        1.3410752815
      229.9000000000       13.3035553025        1.5440705453
      230.6000000000       13.5558439523        1.7133413004
      231.3000000000       13.7856861375        1.8457939150
      232.0000000000       13.9834066202        1.9391259940
      232.7000000000       14.1388376808        1.9917897889
      233.4000000000       14.2415115954        2.0029506555
      234.1000000000       14.2808522932        1.9724435295
      234.8000000000       14.2463626630        1.9007294207
      235.5000000000       14.1278043573        1.7888529841
      236.2000000000       13.9153673552        1.6384013910
      236.9000000000       13.5998269735        1.4514640309
      237.6000000000       13.1726864442        1.2305920764
      238.3000000000       12.6263036074        0.9787566470
      239.0000000000       11.9540006805        0.6993042243
      239.7000000000       11.1501564537        0.3959080890
      240.4000000000       10.2102806289        0.0725148358
      241.1000000000        9.1310703491       -0.2667145471
      241.8000000000        7.9104492587       -0.6174690345
      242.5000000000        6.5475896972       -0.9753567911
      243.2000000000        5.0429188416       -1.3359781548
      243.9000000000        3.3981097966       -1.6950007567
      244.6000000000        1.6160587693       -2.0482347514
      245.3000000000       -0.2991504317       -2.3917058506
      246.0000000000       -2.3422932606       -2.7217237078
      246.7000000000       -4.5070613175       -3.0349432272
      247.4000000000       -6.7861278954       -3.3284165301
      248.1000000000       -9.1712208520       -3.5996336328
      248.8000000000      -11.6532015098       -3.8465503138
      249.5000000000      -14.2221483412       -4.0676021751
      250.2000000000      -16.8674442687       -4.2617044859
      250.9000000000      -19.5778664910       -4.4282380018
      251.6000000000      -22.3416778344       -4.5670215501
      252.3000000000      -25.1467187229       -4.6782727233
      253.0000000000      -27.9804989531       -4.7625585035
      253.7000000000      -30.8302885540       -4.8207380223
      254.4000000000      -33.6832071002       -4.8538999347
      255.1000000000      -36.5263109324       -4.8632970309
      255.8000000000      -39.3466778161       -4.8502807400
      256.5000000000      -42.1314886400       -4.8162380786
      257.2000000000      -44.8681058190       -4.7625333982
      257.9000000000      -47.5441481195       -4.6904569823
      258.6000000000      -50.1475616751       -4.6011821727
      259.3000000000      -52.6666869931       -4.4957322767
      260.0000000000      -55.0903217926       -4.3749580490
      260.7000000000      -57.4077795329       -4.2395260759
      261.4000000000      -59.6089435166       -4.0899179376
      262.1000000000      -61.6843164664       -3.9264396027
      262.8000000000      -63.6250654855       -3.7492401357
      263.5000000000      -65.4230623256       -3.5583384869
      264.2000000000      -67.0709188938       -3.3536568883
      264.9000000000      -68.5620179383       -3.1350592081
      265.6000000000      -69.8905388633       -2.9023925232
      266.3000000000      -71.0514786341       -2.6555301401
      267.0000000000      -72.0406677460       -2.3944143406
      267.7000000000      -72.8547812425       -2.1190972318
      268.4000000000      -73.4913447893       -1.8297782287
      269.1000000000      -73.9487358259       -1.5268368963
      269.8000000000      -74.2261798415       -1.2108600970
      270.5000000000      -74.3237418435       -0.8826626340
      271.2000000000      -74.2423131137       -0.5433008296
      271.9000000000      -73.9835933763       -0.1940787309
      272.6000000000      -73.5500685288        0.1634531249
      273.3000000000      -72.9449841173        0.5275062267
      274.0000000000      -72.1723147677        0.8960695233
      274.7000000000      -71.2367298128        1.2669312302
      275.4000000000      -70.1435553838        1.6377063160
      276.1000000000      -68.8987332628        2.0058688517
      276.8000000000      -67.5087768132        2.3687883163
      277.5000000000      -65.9807243327        2.7237688913
      278.2000000000      -64.3220901870        3.0680907472
      278.9000000000      -62.5408141005        3.3990523165
      279.6000000000      -60.6452089920        3.7140125731
      280.3000000000      -58.6439077488        4.0104323787
      281.0000000000      -56.5458093402        4.2859140181
      281.7000000000      -54.3600246652        4.5382381254
      282.4000000000      -52.0958225312        4.7653972965
      283.1000000000      -49.7625761455        4.9656257817
      283.8000000000      -47.3697104934        5.1374247663
      284.5000000000      -44.9266509580        5.2795828588
      285.2000000000      -42.4427735185        5.3911915231
      285.9000000000      -39.9273568393        5.4716553058
      286.6000000000      -37.3895365406        5.5206968244
      287.3000000000      -34.8382619090        5.5383565854
      288.0000000000      -32.2822552808        5.5249878041
      288.7000000000      -29.7299742985        5.4812464890
      289.4000000000      -27.1895772087        5.4080771318
      290.1000000000      -24.6688913388        5.3066944180
      290.8000000000      -22.1753848555        5.1785614272
      291.5000000000      -19.7161418782        5.0253648383
      292.2000000000      -17.2978409855        4.8489876884
      292.9000000000      -14.9267371265        4.6514802502
      293.6000000000      -12.6086469157        4.4350296027
      294.3000000000      -10.3489372652        4.2019284633
      295.0000000000       -8.1525172796        3.9545438327
      295.7000000000       -6.0238333179        3.6952859775
      296.4000000000       -3.9668671027        3.4265782417
      297.1000000000       -1.9851367386        3.1508281324
      297.8000000000       -0.0817004852        2.8704000775
      298.5000000000        1.7408368854        2.5875901987
      299.2000000000        3.4803153284        2.3046033842
      299.9000000000        5.1350085533        2.0235328889
      300.6000000000        6.7036110390        1.7463426270
      301.3000000000        8.1852232374        1.4748522661
      302.0000000000        9.5793351740        1.2107251711
      302.7000000000       10.8858086503        0.9554591981
      303.4000000000       12.1048582541        0.7103802825
      304.1000000000       13.2370313792        0.4766387261
      304.8000000000       14.2831874518        0.2552080458
      305.5000000000       15.2444765537        0.0468862128
      306.2000000000       16.1223176266       -0.1477009154
      306.9000000000       16.9183764301       -0.3280941898
      307.6000000000       17.6345434192       -0.4939940267
      308.3000000000       18.2729116954       -0.6452517729
      309.0000000000       18.8357551724       -0.7818598266
      309.7000000000       19.3255070904       -0.9039407639
      310.4000000000       19.7447389961       -1.0117357146
      311.1000000000       20.0961402967       -1.1055922195
      311.8000000000       20.3824984828       -1.1859517926
      312.5000000000       20.6066801042       -1.2533373908
      313.2000000000       20.7716125679       -1.3083409821
      313.9000000000       20.8802668215       -1.3516113766
      314.6000000000       20.9356409669       -1.3838424709
      315.3000000000       20.9407448468       -1.4057620303
      316.0000000000       20.8985856279       -1.4181211141
      316.7000000000       20.8121544026       -1.4216842286
      317.4000000000       20.6844138176       -1.4172202715
      318.1000000000       20.5182867302       -1.4054943122
      318.8000000000       20.3166458878       -1.3872602356
      319.5000000000       20.0823046159       -1.3632542596
      320.2000000000       19.8180084969       -1.3341893227
      320.9000000000       19.5264280138       -1.3007503247
      321.6000000000       19.2101521295       -1.2635901926
      322.3000000000       18.8716827687       -1.2233267336
      323.0000000000       18.5134301637       -1.1805402308
      323.7000000000       18.1377090253       -1.1357717307
      324.4000000000       17.7467354950       -1.0895219658
      325.1000000000       17.3426248343       -1.0422508550
      325.8000000000       16.9273898063       -0.9943775215
      326.5000000000       16.5029397012       -0.9462807676
      327.2000000000       16.0710799604       -0.8982999459
      327.9000000000       15.6335123512       -0.8507361701
      328.6000000000       15.1918356458       -0.8038538078
      329.3000000000       14.7475467583       -0.7578822032
      330.0000000000       14.3020422959       -0.7130175794
      330.7000000000       13.8566204782       -0.6694250741
      331.4000000000       13.4124833854       -0.6272408681
      332.1000000000       12.9707394915       -0.5865743657
      332.8000000000       12.5324064464       -0.5475103970
      333.5000000000       12.0984140677       -0.5101114090
      334.2000000000       11.6696075086       -0.4744196225
      334.9000000000       11.2467505679       -0.4404591314
      335.6000000000       10.8305291126       -0.4082379274
      336.3000000000       10.4215545823       -0.3777498347
      337.0000000000       10.0203675506       -0.3489763441
      337.7000000000        9.6274413183       -0.3218883379
      338.4000000000        9.2431855156       -0.2964476986
      339.1000000000        8.8679496938       -0.2726088002
      339.8000000000        8.5020268866       -0.2503198781
      340.5000000000        8.1456571265       -0.2295242801
      341.2000000000        7.7990308998       -0.2101615994
      341.9000000000        7.4622925282       -0.1921686922
      342.6000000000        7.1355434659       -0.1754805857
      343.3000000000        6.8188455017       -0.1600312802
      344.0000000000        6.5122238593       -0.1457544516
      344.7000000000        6.2156701876       -0.1325840600
      345.4000000000        5.9291454367       -0.1204548715
      346.1000000000        5.6525826143       -0.1093028989
      346.8000000000        5.3858894212       -0.0990657689
      347.5000000000        5.1289507609       -0.0896830219
      348.2000000000        4.8816311256       -0.0810963504
      348.9000000000        4.6437768546       -0.0732497834
      349.6000000000        4.4152182697       -0.0660898216
      350.3000000000        4.1957716840       -0.0595655299
      351.0000000000        3.9852412905       -0.0536285925
      351.7000000000        3.7834209291       -0.0482333344
      352.4000000000        3.5900957363       -0.0433367160
      353.1000000000        3.4050436816       -0.0388983035
      353.8000000000        3.2280369914       -0.0348802191
      354.5000000000        3.0588434668       -0.0312470754
      355.2000000000        2.8972276980       -0.0279658964
      355.9000000000        2.7429521788       -0.0250060277
      356.6000000000        2.5957783272       -0.0223390398
      357.3000000000        2.4554674145       -0.0199386249
      358.0000000000        2.3217814086       -0.0177804908
      358.7000000000        2.1944837359       -0.0158422516
      359.4000000000        2.0733399649       -0.0141033190
      360.1000000000        1.9581184174       -0.0125447938
      360.8000000000        1.8485907111       -0.0111493583
      361.5000000000        1.7445322372       -0.0099011724
      362.2000000000        1.6457225781       -0.0087857716
      362.9000000000        1.5519458690       -0.0077899693
      363.6000000000        1.4629911061       -0.0069017628
      364.3000000000        1.3786524079       -0.0061102441
      365.0000000000        1.2987292297       -0.0054055142
      365.7000000000        1.2230265384       -0.0047786033
      366.4000000000        1.1513549478       -0.0042213944
      367.1000000000        1.0835308198       -0.0037265525
      367.8000000000        1.0193763341       -0.0032874581
      368.5000000000        0.9587195274       -0.0028981447
      369.2000000000        0.9013943084       -0.0025532414
      369.9000000000        0.8472404476       -0.0022479191
      370.6000000000        0.7961035467       -0.0019778411
      371.3000000000        0.7478349885       -0.0017391174
      372.0000000000        0.7022918708       -0.0015282625
      372.7000000000        0.6593369243       -0.0013421568
      373.4000000000        0.6188384187       -0.0011780112
      374.1000000000        0.5806700571       -0.0010333346
      374.8000000000        0.5447108602       -0.0009059046
      375.5000000000        0.5108450432       -0.0007937399
      376.2000000000        0.4789618854       -0.0006950764
      376.9000000000        0.4489555942       -0.0006083448
      377.6000000000        0.4207251649       -0.0005321501
      378.3000000000        0.3941742367       -0.0004652535
      379.0000000000        0.3692109469       -0.0004065561
      379.7000000000        0.3457477826       -0.0003550836
      380.4000000000        0.3237014323       -0.0003099731
      381.1000000000        0.3029926370       -0.0002704609
      381.8000000000        0.2835460420       -0.0002358717
      382.5000000000        0.2652900494       -0.0002056090
      383.2000000000        0.2481566726       -0.0001791458
      383.9000000000        0.2320813919       -0.0001560175
      384.6000000000        0.2170030138       -0.0001358144
      385.3000000000        0.2028635314       -0.0001181755
      386.0000000000        0.1896079887       -0.0001027832
      386.7000000000        0.1771843480       -0.0000893579
      387.4000000000        0.1655433600       -0.0000776539
      388.1000000000        0.1546384382       -0.0000674554
      388.8000000000        0.1444255362       -0.0000585728
      389.5000000000        0.1348630296       -0.0000508400
      390.2000000000        0.1259116005       -0.0000441111
      390.9000000000        0.1175341274       -0.0000382583
      391.6000000000        0.1096955771       -0.0000331698
      392.3000000000        0.1023629021       -0.0000287476
      393.0000000000        0.0955049413       -0.0000249061
      393.7000000000        0.0890923239       -0.0000215704
      394.4000000000        0.0830973779       -0.0000186751
      395.1000000000        0.0774940424       -0.0000161630
      395.8000000000        0.0722577825       -0.0000139841
      396.5000000000        0.0673655093       -0.0000120951
      397.2000000000        0.0627955021       -0.0000104580
      397.9000000000        0.0585273347       -0.0000090396
      398.6000000000        0.0545418052       -0.0000078113
      399.3000000000        0.0508208686       -0.0000067478
      400.0000000000        0.0473475726       -0.0000058274
