# ECD Spectrum
# X-Axis:  Wavelength (nm)
# Y-Axis:  &Delta;&epsilon; (10-40 esu2 cm2)
# Y-Axis2: Rvel

# Peak information
#                  X                   Y                  Y2
#     297.1900000000      121.2982000000     1087.8257039023
#     280.9700000000     -279.8813000000    -2654.9300502667
#     278.2500000000       56.8120000000      544.1818560112
#     264.3100000000      196.9975000000     1986.4894926894
#     261.7800000000      -49.8278000000     -507.3111427331
#     259.2100000000       24.5009000000      251.9239388160
#     257.6600000000       56.3528000000      582.9182459559
#     255.5400000000      -12.7458000000     -132.9374552952
#     249.0800000000      -19.4769000000     -208.4107562929
#     236.5100000000       -1.9285000000      -21.7324799328
#     235.8800000000       18.8650000000      213.1595734934
#     233.7200000000      -50.0512000000     -570.7655717957
#     231.7300000000       14.3069000000      164.5517222588
#     229.8800000000      -20.1827000000     -234.0007387586
#     223.9600000000      -16.0220000000     -190.6713408921
#     221.5900000000       21.7756000000      261.9142483097
#     221.2000000000       47.9411000000      577.6463375843
#     220.5500000000      -90.3754000000    -1092.1500815610
#     219.9000000000        1.4346000000       17.3878045302
#     218.4100000000       17.5612000000      214.2993344755
#     217.2600000000        4.1360000000       50.7387667436
#     215.2900000000       47.6502000000      589.9022086771
#     211.7100000000        2.4433000000       30.7591673541
#     209.5400000000        3.6715000000       46.6998779066
#     205.1100000000        2.8214000000       36.6620697691
#     203.9400000000      -24.2931000000     -317.4824149259
#     202.4700000000       24.8339000000      326.9063806150
#     202.0700000000       11.4889000000      151.5359793326
#     200.4100000000      -28.7501000000     -382.3482649416
#     197.5600000000      126.4155000000     1705.4557727170

# Spectra
#                  X                   Y               DY/DX
       50.0000000000        0.0000000000        0.0000000000
       50.7000000000        0.0000000000        0.0000000000
       51.4000000000        0.0000000000        0.0000000000
       52.1000000000        0.0000000000        0.0000000000
       52.8000000000        0.0000000000        0.0000000000
       53.5000000000        0.0000000000        0.0000000000
       54.2000000000        0.0000000000        0.0000000000
       54.9000000000        0.0000000000        0.0000000000
       55.6000000000        0.0000000000        0.0000000000
       56.3000000000        0.0000000000        0.0000000000
       57.0000000000        0.0000000000        0.0000000000
       57.7000000000        0.0000000000        0.0000000000
       58.4000000000        0.0000000000        0.0000000000
       59.1000000000        0.0000000000        0.0000000000
       59.8000000000        0.0000000000        0.0000000000
       60.5000000000        0.0000000000        0.0000000000
       61.2000000000        0.0000000000        0.0000000000
       61.9000000000        0.0000000000        0.0000000000
       62.6000000000        0.0000000000        0.0000000000
       63.3000000000        0.0000000000        0.0000000000
       64.0000000000        0.0000000000        0.0000000000
       64.7000000000        0.0000000000        0.0000000000
       65.4000000000        0.0000000000        0.0000000000
       66.1000000000        0.0000000000        0.0000000000
       66.8000000000        0.0000000000        0.0000000000
       67.5000000000        0.0000000000        0.0000000000
       68.2000000000        0.0000000000        0.0000000000
       68.9000000000        0.0000000000        0.0000000000
       69.6000000000        0.0000000000        0.0000000000
       70.3000000000        0.0000000000        0.0000000000
       71.0000000000        0.0000000000        0.0000000000
       71.7000000000        0.0000000000        0.0000000000
       72.4000000000        0.0000000000        0.0000000000
       73.1000000000        0.0000000000        0.0000000000
       73.8000000000        0.0000000000        0.0000000000
       74.5000000000        0.0000000000        0.0000000000
       75.2000000000        0.0000000000        0.0000000000
       75.9000000000        0.0000000000        0.0000000000
       76.6000000000        0.0000000000        0.0000000000
       77.3000000000        0.0000000000        0.0000000000
       78.0000000000        0.0000000000        0.0000000000
       78.7000000000        0.0000000000        0.0000000000
       79.4000000000        0.0000000000        0.0000000000
       80.1000000000        0.0000000000        0.0000000000
       80.8000000000        0.0000000000        0.0000000000
       81.5000000000        0.0000000000        0.0000000000
       82.2000000000        0.0000000000        0.0000000000
       82.9000000000        0.0000000000        0.0000000000
       83.6000000000        0.0000000000        0.0000000000
       84.3000000000        0.0000000000        0.0000000000
       85.0000000000        0.0000000000        0.0000000000
       85.7000000000        0.0000000000        0.0000000000
       86.4000000000        0.0000000000        0.0000000000
       87.1000000000        0.0000000000        0.0000000000
       87.8000000000        0.0000000000        0.0000000000
       88.5000000000        0.0000000000        0.0000000000
       89.2000000000        0.0000000000        0.0000000000
       89.9000000000        0.0000000000        0.0000000000
       90.6000000000        0.0000000000        0.0000000000
       91.3000000000        0.0000000000        0.0000000000
       92.0000000000        0.0000000000        0.0000000000
       92.7000000000        0.0000000000        0.0000000000
       93.4000000000        0.0000000000        0.0000000000
       94.1000000000        0.0000000000        0.0000000000
       94.8000000000        0.0000000000        0.0000000000
       95.5000000000        0.0000000000        0.0000000000
       96.2000000000        0.0000000000        0.0000000000
       96.9000000000        0.0000000000        0.0000000000
       97.6000000000        0.0000000000        0.0000000000
       98.3000000000        0.0000000000        0.0000000000
       99.0000000000        0.0000000000        0.0000000000
       99.7000000000        0.0000000000        0.0000000000
      100.4000000000        0.0000000000        0.0000000000
      101.1000000000        0.0000000000        0.0000000000
      101.8000000000        0.0000000000        0.0000000000
      102.5000000000        0.0000000000        0.0000000000
      103.2000000000        0.0000000000        0.0000000000
      103.9000000000        0.0000000000        0.0000000000
      104.6000000000        0.0000000000        0.0000000000
      105.3000000000        0.0000000000        0.0000000000
      106.0000000000        0.0000000000        0.0000000000
      106.7000000000        0.0000000000        0.0000000000
      107.4000000000        0.0000000000        0.0000000000
      108.1000000000        0.0000000000        0.0000000000
      108.8000000000        0.0000000000        0.0000000000
      109.5000000000        0.0000000000        0.0000000000
      110.2000000000        0.0000000000        0.0000000000
      110.9000000000        0.0000000000        0.0000000000
      111.6000000000        0.0000000000        0.0000000000
      112.3000000000        0.0000000000        0.0000000000
      113.0000000000        0.0000000000        0.0000000000
      113.7000000000        0.0000000000        0.0000000000
      114.4000000000        0.0000000000        0.0000000000
      115.1000000000        0.0000000000        0.0000000000
      115.8000000000        0.0000000000        0.0000000000
      116.5000000000        0.0000000000        0.0000000000
      117.2000000000        0.0000000000        0.0000000000
      117.9000000000        0.0000000000        0.0000000000
      118.6000000000        0.0000000000        0.0000000000
      119.3000000000        0.0000000000        0.0000000000
      120.0000000000        0.0000000000        0.0000000000
      120.7000000000        0.0000000000        0.0000000000
      121.4000000000        0.0000000000        0.0000000000
      122.1000000000        0.0000000000        0.0000000000
      122.8000000000        0.0000000000        0.0000000000
      123.5000000000        0.0000000000        0.0000000000
      124.2000000000        0.0000000000        0.0000000000
      124.9000000000        0.0000000000        0.0000000000
      125.6000000000        0.0000000000        0.0000000000
      126.3000000000        0.0000000000        0.0000000000
      127.0000000000        0.0000000000        0.0000000000
      127.7000000000        0.0000000000        0.0000000000
      128.4000000000        0.0000000000        0.0000000000
      129.1000000000        0.0000000000        0.0000000000
      129.8000000000        0.0000000000        0.0000000000
      130.5000000000        0.0000000000        0.0000000000
      131.2000000000        0.0000000000        0.0000000000
      131.9000000000        0.0000000000        0.0000000000
      132.6000000000        0.0000000000        0.0000000000
      133.3000000000        0.0000000000        0.0000000000
      134.0000000000        0.0000000000        0.0000000000
      134.7000000000        0.0000000000        0.0000000000
      135.4000000000        0.0000000000        0.0000000000
      136.1000000000        0.0000000000        0.0000000000
      136.8000000000        0.0000000000        0.0000000000
      137.5000000000        0.0000000000        0.0000000000
      138.2000000000        0.0000000000        0.0000000000
      138.9000000000        0.0000000000        0.0000000000
      139.6000000000        0.0000000000        0.0000000000
      140.3000000000        0.0000000000        0.0000000000
      141.0000000000        0.0000000000        0.0000000000
      141.7000000000        0.0000000000        0.0000000000
      142.4000000000        0.0000000000        0.0000000000
      143.1000000000        0.0000000000        0.0000000000
      143.8000000000        0.0000000000        0.0000000000
      144.5000000000        0.0000000000        0.0000000000
      145.2000000000        0.0000000000        0.0000000000
      145.9000000000        0.0000000000        0.0000000000
      146.6000000000        0.0000000000        0.0000000000
      147.3000000000        0.0000000000        0.0000000000
      148.0000000000        0.0000000000        0.0000000000
      148.7000000000        0.0000000001        0.0000000000
      149.4000000000        0.0000000004        0.0000000000
      150.1000000000        0.0000000010        0.0000000000
      150.8000000000        0.0000000025        0.0000000000
      151.5000000000        0.0000000063        0.0000000000
      152.2000000000        0.0000000152        0.0000000000
      152.9000000000        0.0000000361        0.0000000000
      153.6000000000        0.0000000833        0.0000000000
      154.3000000000        0.0000001879        0.0000000000
      155.0000000000        0.0000004136        0.0000000000
      155.7000000000        0.0000008896        0.0000000000
      156.4000000000        0.0000018703        0.0000000000
      157.1000000000        0.0000038451        0.0000000000
      157.8000000000        0.0000077347        0.0000000000
      158.5000000000        0.0000152305        0.0000000000
      159.2000000000        0.0000293725        0.0000000000
      159.9000000000        0.0000555036        0.0000000000
      160.6000000000        0.0001028143        0.0000000001
      161.3000000000        0.0001867805        0.0000000005
      162.0000000000        0.0003329233        0.0000000016
      162.7000000000        0.0005824722        0.0000000048
      163.4000000000        0.0010007009        0.0000000144
      164.1000000000        0.0016889105        0.0000000414
      164.8000000000        0.0028012588        0.0000001149
      165.5000000000        0.0045678409        0.0000003077
      166.2000000000        0.0073255933        0.0000007953
      166.9000000000        0.0115586678        0.0000019863
      167.6000000000        0.0179498657        0.0000047969
      168.3000000000        0.0274444613        0.0000112097
      169.0000000000        0.0413272388        0.0000253643
      169.7000000000        0.0613127612        0.0000556084
      170.4000000000        0.0896477617        0.0001182019
      171.1000000000        0.1292230976        0.0002437509
      171.8000000000        0.1836909817        0.0004879428
      172.5000000000        0.2575812951        0.0009487423
      173.2000000000        0.3564088239        0.0017928003
      173.9000000000        0.4867614464        0.0032942755
      174.6000000000        0.6563578405        0.0058893102
      175.3000000000        0.8740624237        0.0102487228
      176.0000000000        1.1498452182        0.0173696945
      176.7000000000        1.4946753331        0.0286840112
      177.4000000000        1.9203389245        0.0461756111
      178.1000000000        2.4391758416        0.0724939270
      178.8000000000        3.0637336465        0.1110424242
      179.5000000000        3.8063430726        0.1660149602
      180.2000000000        4.6786249710        0.2423477992
      180.9000000000        5.6909449335        0.3455542782
      181.6000000000        6.8518375977        0.4814141533
      182.3000000000        8.1674276000        0.6555019314
      183.0000000000        9.6408777374        0.8725582768
      183.7000000000       11.2718967103        1.1357346077
      184.4000000000       13.0563385221        1.4457702489
      185.1000000000       14.9859230652        1.8001894349
      185.8000000000       17.0481026556        2.1926265343
      186.5000000000       19.2260925127        2.6123966145
      187.2000000000       21.4990748189        3.0444205990
      187.9000000000       23.8425765714        3.4695878446
      188.6000000000       26.2290116207        3.8655951682
      189.3000000000       28.6283677518        4.2082447467
      190.0000000000       31.0090110989        4.4731213558
      190.7000000000       33.3385732026        4.6375113578
      191.4000000000       35.5848810968        4.6823811346
      192.1000000000       37.7168882974        4.5942091983
      192.8000000000       39.7055645847        4.3664688388
      193.5000000000       41.5247049977        4.0005876822
      194.2000000000       43.1516232517        3.5062634849
      194.9000000000       44.5677014907        2.9010847140
      195.6000000000       45.7587763809        2.2094803772
      196.3000000000       46.7153504861        1.4610957725
      197.0000000000       47.4326270317        0.6887498617
      197.7000000000       47.9103749942       -0.0738312658
      198.4000000000       48.1526394228       -0.7942956477
      199.1000000000       48.1673185865       -1.4437616918
      199.8000000000       47.9656346363       -1.9985601782
      200.5000000000       47.5615277860       -2.4414986941
      201.2000000000       46.9710055031       -2.7625794952
      201.9000000000       46.2114779174       -2.9591573452
      202.6000000000       45.3011087732       -3.0355743486
      203.3000000000       44.2582080202       -3.0023494018
      204.0000000000       43.1006878640       -2.8750278258
      204.7000000000       41.8455991187       -2.6728111591
      205.4000000000       40.5087593635       -2.4170888098
      206.1000000000       39.1044790267       -2.1299843660
      206.8000000000       37.6453864009       -1.8330126079
      207.5000000000       36.1423479683       -1.5459216619
      208.2000000000       34.6044764757       -1.2857710777
      208.9000000000       33.0392160660       -1.0662732488
      209.6000000000       31.4524915133       -0.8974043022
      210.3000000000       29.8489072295       -0.7852725081
      211.0000000000       28.2319811718       -0.7322180197
      211.7000000000       26.6043990016       -0.7371075416
      212.4000000000       24.9682747203       -0.7957811957
      213.1000000000       23.3254054015       -0.9016060863
      213.8000000000       21.6775094236       -1.0460913887
      214.5000000000       20.0264396360       -1.2195226865
      215.2000000000       18.3743650373       -1.4115781965
      215.9000000000       16.7239166918       -1.6118958977
      216.6000000000       15.0782956545       -1.8105678522
      217.3000000000       13.4413425355       -1.9985456431
      218.0000000000       11.8175699581       -2.1679483505
      218.7000000000       10.2121605015       -2.3122713998
      219.4000000000        8.6309337580       -2.4265005896
      220.1000000000        7.0802868697       -2.5071403661
      220.8000000000        5.5671133541       -2.5521688177
      221.5000000000        4.0987052004       -2.5609338788
      222.2000000000        2.6826431658       -2.5340059326
      222.9000000000        1.3266799407       -2.4730015619
      223.6000000000        0.0386204483       -2.3803918485
      224.3000000000       -1.1737969824       -2.2593066497
      225.0000000000       -2.3030154196       -2.1133439617
      225.7000000000       -3.3417675854       -1.9463910898
      226.4000000000       -4.2831756708       -1.7624620973
      227.1000000000       -5.1208414125       -1.5655540732
      227.8000000000       -5.8489256798       -1.3595232381
      228.5000000000       -6.4622173060       -1.1479808372
      229.2000000000       -6.9561912929       -0.9342081303
      229.9000000000       -7.3270568366       -0.7210895132
      230.6000000000       -7.5717958512       -0.5110628106
      231.3000000000       -7.6881928104       -0.3060859449
      232.0000000000       -7.6748567954       -0.1076194268
      232.7000000000       -7.5312366377        0.0833756847
      233.4000000000       -7.2576299815        0.2664245881
      234.1000000000       -6.8551869929        0.4415105774
      234.8000000000       -6.3259092975        0.6090323613
      235.5000000000       -5.6726445767        0.7697476446
      236.2000000000       -4.8990770830        0.9247041984
      236.9000000000       -4.0097141734        1.0751601724
      237.6000000000       -3.0098688090        1.2224959400
      238.3000000000       -1.9056378416        1.3681202790
      239.0000000000       -0.7038758060        1.5133741145
      239.7000000000        0.5878361318        1.6594353495
      240.4000000000        1.9612264535        1.8072284498
      241.1000000000        3.4073751746        1.9573424215
      241.8000000000        4.9167616788        2.1099606052
      242.5000000000        6.4793187731        2.2648053353
      243.2000000000        8.0844931286        2.4210999852
      243.9000000000        9.7213121511        2.5775502681
      244.6000000000       11.3784571758        2.7323459275
      245.3000000000       13.0443427179        2.8831831698
      246.0000000000       14.7072013474        3.0273073901
      246.7000000000       16.3551735819        3.1615749760
      247.4000000000       17.9764020297        3.2825322625
      248.1000000000       19.5591288610        3.3865090853
      248.8000000000       21.0917955470        3.4697238682
      249.5000000000       22.5631436918        3.5283967915
      250.2000000000       23.9623156883        3.5588673363
      250.9000000000       25.2789538675        3.5577123895
      251.6000000000       26.5032967729        3.5218611156
      252.3000000000       27.6262711928        3.4487029591
      253.0000000000       28.6395786055        3.3361854113
      253.7000000000       29.5357747536        3.1828985495
      254.4000000000       30.3083411473        2.9881438181
      255.1000000000       30.9517474095        2.7519850396
      255.8000000000       31.4615035101        2.4752802179
      256.5000000000       31.8342010929        2.1596932825
      257.2000000000       32.0675432679        1.8076855224
      257.9000000000       32.1603624248        1.4224870390
      258.6000000000       32.1126258136        1.0080490978
      259.3000000000       31.9254288309        0.5689787646
      260.0000000000       31.6009761419        0.1104576577
      260.7000000000       31.1425509536       -0.3618529721
      261.4000000000       30.5544729363       -0.8419183215
      262.1000000000       29.8420454492       -1.3234445333
      262.8000000000       29.0114928831       -1.7999987368
      263.5000000000       28.0698890590       -2.2651316855
      264.2000000000       27.0250777398       -2.7125000727
      264.9000000000       25.8855863984       -3.1359856929
      265.6000000000       24.6605344594       -3.5298087817
      266.3000000000       23.3595372758       -3.8886330872
      267.0000000000       21.9926071275       -4.2076605017
      267.7000000000       20.5700525307       -4.4827133983
      268.4000000000       19.1023771308       -4.7103031678
      269.1000000000       17.6001794104       -4.8876838224
      269.8000000000       16.0740543908       -5.0128899196
      270.5000000000       14.5344984343       -5.0847584427
      271.2000000000       12.9918181648       -5.1029346566
      271.9000000000       11.4560444319       -5.0678623173
      272.6000000000        9.9368521326       -4.9807589536
      273.3000000000        8.4434865931       -4.8435772430
      274.0000000000        6.9846970945       -4.6589537760
      274.7000000000        5.5686780021       -4.4301467235
      275.4000000000        4.2030178417       -4.1609641074
      276.1000000000        2.8946565405       -3.8556845029
      276.8000000000        1.6498509395       -3.5189720843
      277.5000000000        0.4741485681       -3.1557879617
      278.2000000000       -0.6276304289       -2.7712997426
      278.9000000000       -1.6514034206       -2.3707911938
      279.6000000000       -2.5938277714       -1.9595737868
      280.3000000000       -3.4522960492       -1.5429017699
      281.0000000000       -4.2249244018       -1.1258922542
      281.7000000000       -4.9105346025       -0.7134516055
      282.4000000000       -5.5086303104       -0.3102092327
      283.1000000000       -6.0193681302        0.0795403601
      283.8000000000       -6.4435240806        0.4518866143
      284.5000000000       -6.7824560957        0.8033426335
      285.2000000000       -7.0380631940        1.1308753814
      285.9000000000       -7.2127419432        1.4319263753
      286.6000000000       -7.3093408423        1.7044230873
      287.3000000000       -7.3311132231        1.9467814418
      288.0000000000       -7.2816692490        2.1578999554
      288.7000000000       -7.1649275614        2.3371461974
      289.4000000000       -6.9850670864        2.4843363560
      290.1000000000       -6.7464794796        2.5997087802
      290.8000000000       -6.4537226423        2.6838924194
      291.5000000000       -6.1114757004        2.7378711186
      292.2000000000       -5.7244957936        2.7629447321
      292.9000000000       -5.2975769731        2.7606880058
      293.6000000000       -4.8355114634        2.7329081446
      294.3000000000       -4.3430534984        2.6816019321
      295.0000000000       -3.8248858961        2.6089132022
      295.7000000000       -3.2855894959        2.5170913897
      296.4000000000       -2.7296155409        2.4084517984
      297.1000000000       -2.1612610504        2.2853381378
      297.8000000000       -1.5846471924        2.1500877833
      298.5000000000       -1.0037006340        2.0050001213
      299.2000000000       -0.4221378159        1.8523082468
      299.9000000000        0.1565479235        1.6941541930
      300.6000000000        0.7290964795        1.5325677865
      301.3000000000        1.2924884856        1.3694491458
      302.0000000000        1.8439503298        1.2065547676
      302.7000000000        2.3809568343        1.0454870882
      303.4000000000        2.9012317596        0.8876873502
      304.1000000000        3.4027463032        0.7344315638
      304.8000000000        3.8837157681        0.5868293152
      305.5000000000        4.3425945793        0.4458251508
      306.2000000000        4.7780698268        0.3122022451
      306.9000000000        5.1890535130        0.1865880548
      307.6000000000        5.5746736794        0.0694616533
      308.3000000000        5.9342645808       -0.0388375519
      309.0000000000        6.2673560735       -0.1381000096
      309.7000000000        6.5736623717       -0.2282354018
      310.4000000000        6.8530703216       -0.3092614642
      311.1000000000        7.1056273329       -0.3812924914
      311.8000000000        7.3315290976       -0.4445277430
      312.5000000000        7.5311072163       -0.4992399441
      313.2000000000        7.7048168412       -0.5457640474
      313.9000000000        7.8532244364       -0.5844864020
      314.6000000000        7.9769957448       -0.6158344476
      315.3000000000        8.0768840392       -0.6402670287
      316.0000000000        8.1537187283       -0.6582654046
      316.7000000000        8.2083943768       -0.6703250051
      317.4000000000        8.2418601879       -0.6769479677
      318.1000000000        8.2551099925       -0.6786364710
      318.8000000000        8.2491727749       -0.6758868655
      319.5000000000        8.2251037623       -0.6691845904
      320.2000000000        8.1839760942       -0.6589998518
      320.9000000000        8.1268730836       -0.6457840293
      321.6000000000        8.0548810753       -0.6299667719
      322.3000000000        7.9690828987       -0.6119537354
      323.0000000000        7.8705519122       -0.5921249113
      323.7000000000        7.7603466260       -0.5708334956
      324.4000000000        7.6395058926       -0.5484052406
      325.1000000000        7.5090446449       -0.5251382370
      325.8000000000        7.3699501637       -0.5013030718
      326.5000000000        7.2231788511       -0.4771433084
      327.2000000000        7.0696534866       -0.4528762411
      327.9000000000        6.9102609383       -0.4286938739
      328.6000000000        6.7458503044       -0.4047640811
      329.3000000000        6.5772314558       -0.3812319090
      330.0000000000        6.4051739527       -0.3582209800
      330.7000000000        6.2304063062       -0.3358349670
      331.4000000000        6.0536155583       -0.3141591088
      332.1000000000        5.8754471505       -0.2932617384
      332.8000000000        5.6965050566       -0.2731958042
      333.5000000000        5.5173521503       -0.2540003636
      334.2000000000        5.3385107858       -0.2357020331
      334.9000000000        5.1604635628       -0.2183163830
      335.6000000000        4.9836542566       -0.2018492651
      336.3000000000        4.8084888880       -0.1862980668
      337.0000000000        4.6353369141       -0.1716528861
      337.7000000000        4.4645325192       -0.1578976226
      338.4000000000        4.2963759879       -0.1450109847
      339.1000000000        4.1311351438       -0.1329674112
      339.8000000000        3.9690468371       -0.1217379083
      340.5000000000        3.8103184670       -0.1112908051
      341.2000000000        3.6551295267       -0.1015924288
      341.9000000000        3.5036331573       -0.0926077045
      342.6000000000        3.3559577014       -0.0843006827
      343.3000000000        3.2122082457       -0.0766349990
      344.0000000000        3.0724681448       -0.0695742715
      344.7000000000        2.9368005183       -0.0630824387
      345.4000000000        2.8052497145       -0.0571240451
      346.1000000000        2.6778427358       -0.0516644772
      346.8000000000        2.5545906203       -0.0466701562
      347.5000000000        2.4354897764       -0.0421086901
      348.2000000000        2.3205232661       -0.0379489914
      348.9000000000        2.2096620359       -0.0341613636
      349.6000000000        2.1028660924       -0.0307175598
      350.3000000000        2.0000856218       -0.0275908178
      351.0000000000        1.9012620514       -0.0247558752
      351.7000000000        1.8063290552       -0.0221889667
      352.4000000000        1.7152135005       -0.0198678066
      353.1000000000        1.6278363388       -0.0177715597
      353.8000000000        1.5441134393       -0.0158808019
      354.5000000000        1.4639563688       -0.0141774734
      355.2000000000        1.3872731157       -0.0126448253
      355.9000000000        1.3139687637       -0.0112673623
      356.6000000000        1.2439461129       -0.0100307816
      357.3000000000        1.1771062533       -0.0089219102
      358.0000000000        1.1133490904       -0.0079286413
      358.7000000000        1.0525738258       -0.0070398705
      359.4000000000        0.9946793956       -0.0062454324
      360.1000000000        0.9395648662       -0.0055360384
      360.8000000000        0.8871297934       -0.0049032166
      361.5000000000        0.8372745425       -0.0043392530
      362.2000000000        0.7899005756       -0.0038371355
      362.9000000000        0.7449107056       -0.0033905007
      363.6000000000        0.7022093196       -0.0029935820
      364.3000000000        0.6617025737       -0.0026411624
      365.0000000000        0.6232985622       -0.0023285283
      365.7000000000        0.5869074609       -0.0020514275
      366.4000000000        0.5524416486       -0.0018060289
      367.1000000000        0.5198158066       -0.0015888856
      367.8000000000        0.4889470000       -0.0013969002
      368.5000000000        0.4597547398       -0.0012272931
      369.2000000000        0.4321610304       -0.0010775726
      369.9000000000        0.4060904007       -0.0009455083
      370.6000000000        0.3814699231       -0.0008291052
      371.3000000000        0.3582292196       -0.0007265817
      372.0000000000        0.3363004577       -0.0006363479
      372.7000000000        0.3156183358       -0.0005569868
      373.4000000000        0.2961200609       -0.0004872367
      374.1000000000        0.2777453177       -0.0004259754
      374.8000000000        0.2604362320       -0.0003722057
      375.5000000000        0.2441373271       -0.0003250424
      376.2000000000        0.2287954768       -0.0002837002
      376.9000000000        0.2143598523       -0.0002474837
      377.6000000000        0.2007818668       -0.0002157768
      378.3000000000        0.1880151168       -0.0001880349
      379.0000000000        0.1760153207       -0.0001637766
      379.7000000000        0.1647402560       -0.0001425768
      380.4000000000        0.1541496945       -0.0001240606
      381.1000000000        0.1442053375       -0.0001078972
      381.8000000000        0.1348707490       -0.0000937955
      382.5000000000        0.1261112903       -0.0000814991
      383.2000000000        0.1178940532       -0.0000707826
      383.9000000000        0.1101877946       -0.0000614479
      384.6000000000        0.1029628709       -0.0000533210
      385.3000000000        0.0961911740       -0.0000462490
      386.0000000000        0.0898460677       -0.0000400982
      386.7000000000        0.0839023252       -0.0000347510
      387.4000000000        0.0783360684       -0.0000301047
      388.1000000000        0.0731247083       -0.0000260693
      388.8000000000        0.0682468868       -0.0000225660
      389.5000000000        0.0636824201       -0.0000195260
      390.2000000000        0.0594122441       -0.0000168893
      390.9000000000        0.0554183610       -0.0000146032
      391.6000000000        0.0516837879       -0.0000126220
      392.3000000000        0.0481925072       -0.0000109058
      393.0000000000        0.0449294186       -0.0000094197
      393.7000000000        0.0418802928       -0.0000081333
      394.4000000000        0.0390317271       -0.0000070202
      395.1000000000        0.0363711028       -0.0000060575
      395.8000000000        0.0338865444       -0.0000052252
      396.5000000000        0.0315668799       -0.0000045058
      397.2000000000        0.0294016038       -0.0000038843
      397.9000000000        0.0273808404       -0.0000033475
      398.6000000000        0.0254953103       -0.0000028840
      399.3000000000        0.0237362971       -0.0000024840
      400.0000000000        0.0220956161       -0.0000021389
