    166.94731     -0.00000
    167.01117     -0.00000
    167.07504     -0.00000
    167.13890     -0.00000
    167.20277     -0.00000
    167.26663     -0.00000
    167.33050     -0.00000
    167.39436     -0.00000
    167.45823     -0.00000
    167.52209     -0.00000
    167.58596     -0.00000
    167.64983     -0.00000
    167.71369     -0.00000
    167.77756     -0.00000
    167.84142     -0.00000
    167.90529     -0.00000
    167.96915     -0.00000
    168.03302     -0.00000
    168.09688     -0.00000
    168.16075     -0.00000
    168.22461     -0.00000
    168.28848     -0.00000
    168.35235     -0.00001
    168.41621     -0.00001
    168.48008     -0.00001
    168.54394     -0.00001
    168.60781     -0.00001
    168.67167     -0.00001
    168.73554     -0.00001
    168.79940     -0.00001
    168.86327     -0.00001
    168.92713     -0.00001
    168.99100     -0.00001
    169.05487     -0.00001
    169.11873     -0.00001
    169.18260     -0.00001
    169.24646     -0.00001
    169.31033     -0.00001
    169.37419     -0.00001
    169.43806     -0.00001
    169.50192     -0.00001
    169.56579     -0.00001
    169.62965     -0.00001
    169.69352     -0.00001
    169.75739     -0.00001
    169.82125     -0.00001
    169.88512     -0.00001
    169.94898     -0.00002
    170.01285     -0.00002
    170.07671     -0.00002
    170.14058     -0.00002
    170.20444     -0.00002
    170.26831     -0.00002
    170.33217     -0.00002
    170.39604     -0.00002
    170.45991     -0.00002
    170.52377     -0.00002
    170.58764     -0.00002
    170.65150     -0.00002
    170.71537     -0.00003
    170.77923     -0.00003
    170.84310     -0.00003
    170.90696     -0.00003
    170.97083     -0.00003
    171.03469     -0.00003
    171.09856     -0.00003
    171.16243     -0.00003
    171.22629     -0.00004
    171.29016     -0.00004
    171.35402     -0.00004
    171.41789     -0.00004
    171.48175     -0.00004
    171.54562     -0.00004
    171.60948     -0.00005
    171.67335     -0.00005
    171.73722     -0.00005
    171.80108     -0.00005
    171.86495     -0.00005
    171.92881     -0.00006
    171.99268     -0.00006
    172.05654     -0.00006
    172.12041     -0.00006
    172.18427     -0.00006
    172.24814     -0.00007
    172.31200     -0.00007
    172.37587     -0.00007
    172.43974     -0.00008
    172.50360     -0.00008
    172.56747     -0.00008
    172.63133     -0.00008
    172.69520     -0.00009
    172.75906     -0.00009
    172.82293     -0.00009
    172.88679     -0.00010
    172.95066     -0.00010
    173.01452     -0.00011
    173.07839     -0.00011
    173.14226     -0.00011
    173.20612     -0.00012
    173.26999     -0.00012
    173.33385     -0.00013
    173.39772     -0.00013
    173.46158     -0.00014
    173.52545     -0.00014
    173.58931     -0.00015
    173.65318     -0.00015
    173.71704     -0.00016
    173.78091     -0.00016
    173.84478     -0.00017
    173.90864     -0.00018
    173.97251     -0.00018
    174.03637     -0.00019
    174.10024     -0.00020
    174.16410     -0.00020
    174.22797     -0.00021
    174.29183     -0.00022
    174.35570     -0.00023
    174.41956     -0.00023
    174.48343     -0.00024
    174.54730     -0.00025
    174.61116     -0.00026
    174.67503     -0.00027
    174.73889     -0.00028
    174.80276     -0.00029
    174.86662     -0.00030
    174.93049     -0.00031
    174.99435     -0.00032
    175.05822     -0.00033
    175.12208     -0.00034
    175.18595     -0.00035
    175.24982     -0.00036
    175.31368     -0.00038
    175.37755     -0.00039
    175.44141     -0.00040
    175.50528     -0.00042
    175.56914     -0.00043
    175.63301     -0.00044
    175.69687     -0.00046
    175.76074     -0.00047
    175.82460     -0.00049
    175.88847     -0.00051
    175.95234     -0.00052
    176.01620     -0.00054
    176.08007     -0.00056
    176.14393     -0.00057
    176.20780     -0.00059
    176.27166     -0.00061
    176.33553     -0.00063
    176.39939     -0.00065
    176.46326     -0.00067
    176.52712     -0.00069
    176.59099     -0.00071
    176.65486     -0.00074
    176.71872     -0.00076
    176.78259     -0.00078
    176.84645     -0.00081
    176.91032     -0.00083
    176.97418     -0.00086
    177.03805     -0.00088
    177.10191     -0.00091
    177.16578     -0.00094
    177.22965     -0.00097
    177.29351     -0.00100
    177.35738     -0.00103
    177.42124     -0.00106
    177.48511     -0.00109
    177.54897     -0.00112
    177.61284     -0.00115
    177.67670     -0.00119
    177.74057     -0.00122
    177.80443     -0.00126
    177.86830     -0.00130
    177.93217     -0.00133
    177.99603     -0.00137
    178.05990     -0.00141
    178.12376     -0.00145
    178.18763     -0.00149
    178.25149     -0.00154
    178.31536     -0.00158
    178.37922     -0.00162
    178.44309     -0.00167
    178.50695     -0.00172
    178.57082     -0.00176
    178.63469     -0.00181
    178.69855     -0.00186
    178.76242     -0.00191
    178.82628     -0.00197
    178.89015     -0.00202
    178.95401     -0.00208
    179.01788     -0.00213
    179.08174     -0.00219
    179.14561     -0.00225
    179.20947     -0.00231
    179.27334     -0.00237
    179.33721     -0.00243
    179.40107     -0.00250
    179.46494     -0.00256
    179.52880     -0.00263
    179.59267     -0.00270
    179.65653     -0.00277
    179.72040     -0.00284
    179.78426     -0.00292
    179.84813     -0.00299
    179.91199     -0.00307
    179.97586     -0.00315
    180.03973     -0.00322
    180.10359     -0.00331
    180.16746     -0.00339
    180.23132     -0.00347
    180.29519     -0.00356
    180.35905     -0.00365
    180.42292     -0.00374
    180.48678     -0.00383
    180.55065     -0.00393
    180.61451     -0.00402
    180.67838     -0.00412
    180.74225     -0.00422
    180.80611     -0.00432
    180.86998     -0.00442
    180.93384     -0.00453
    180.99771     -0.00464
    181.06157     -0.00474
    181.12544     -0.00486
    181.18930     -0.00497
    181.25317     -0.00508
    181.31703     -0.00520
    181.38090     -0.00532
    181.44477     -0.00544
    181.50863     -0.00557
    181.57250     -0.00569
    181.63636     -0.00582
    181.70023     -0.00595
    181.76409     -0.00609
    181.82796     -0.00622
    181.89182     -0.00636
    181.95569     -0.00650
    182.01955     -0.00664
    182.08342     -0.00679
    182.14729     -0.00694
    182.21115     -0.00709
    182.27502     -0.00724
    182.33888     -0.00739
    182.40275     -0.00755
    182.46661     -0.00771
    182.53048     -0.00787
    182.59434     -0.00803
    182.65821     -0.00820
    182.72208     -0.00837
    182.78594     -0.00854
    182.84981     -0.00872
    182.91367     -0.00889
    182.97754     -0.00907
    183.04140     -0.00926
    183.10527     -0.00944
    183.16913     -0.00963
    183.23300     -0.00982
    183.29686     -0.01001
    183.36073     -0.01021
    183.42460     -0.01040
    183.48846     -0.01060
    183.55233     -0.01081
    183.61619     -0.01101
    183.68006     -0.01122
    183.74392     -0.01143
    183.80779     -0.01165
    183.87165     -0.01186
    183.93552     -0.01208
    183.99938     -0.01230
    184.06325     -0.01253
    184.12712     -0.01275
    184.19098     -0.01298
    184.25485     -0.01321
    184.31871     -0.01344
    184.38258     -0.01368
    184.44644     -0.01392
    184.51031     -0.01416
    184.57417     -0.01440
    184.63804     -0.01465
    184.70190     -0.01490
    184.76577     -0.01515
    184.82964     -0.01540
    184.89350     -0.01566
    184.95737     -0.01591
    185.02123     -0.01617
    185.08510     -0.01643
    185.14896     -0.01670
    185.21283     -0.01696
    185.27669     -0.01723
    185.34056     -0.01750
    185.40442     -0.01777
    185.46829     -0.01804
    185.53216     -0.01832
    185.59602     -0.01859
    185.65989     -0.01887
    185.72375     -0.01915
    185.78762     -0.01943
    185.85148     -0.01971
    185.91535     -0.02000
    185.97921     -0.02028
    186.04308     -0.02057
    186.10694     -0.02085
    186.17081     -0.02114
    186.23468     -0.02143
    186.29854     -0.02172
    186.36241     -0.02201
    186.42627     -0.02230
    186.49014     -0.02259
    186.55400     -0.02288
    186.61787     -0.02317
    186.68173     -0.02346
    186.74560     -0.02375
    186.80946     -0.02404
    186.87333     -0.02433
    186.93720     -0.02462
    187.00106     -0.02491
    187.06493     -0.02520
    187.12879     -0.02548
    187.19266     -0.02577
    187.25652     -0.02606
    187.32039     -0.02634
    187.38425     -0.02662
    187.44812     -0.02690
    187.51198     -0.02718
    187.57585     -0.02745
    187.63972     -0.02772
    187.70358     -0.02800
    187.76745     -0.02826
    187.83131     -0.02853
    187.89518     -0.02879
    187.95904     -0.02905
    188.02291     -0.02930
    188.08677     -0.02955
    188.15064     -0.02979
    188.21451     -0.03004
    188.27837     -0.03027
    188.34224     -0.03050
    188.40610     -0.03073
    188.46997     -0.03095
    188.53383     -0.03117
    188.59770     -0.03137
    188.66156     -0.03158
    188.72543     -0.03177
    188.78929     -0.03196
    188.85316     -0.03214
    188.91703     -0.03232
    188.98089     -0.03248
    189.04476     -0.03264
    189.10862     -0.03279
    189.17249     -0.03293
    189.23635     -0.03306
    189.30022     -0.03318
    189.36408     -0.03329
    189.42795     -0.03339
    189.49181     -0.03348
    189.55568     -0.03356
    189.61955     -0.03362
    189.68341     -0.03368
    189.74728     -0.03372
    189.81114     -0.03375
    189.87501     -0.03376
    189.93887     -0.03377
    190.00274     -0.03375
    190.06660     -0.03373
    190.13047     -0.03368
    190.19433     -0.03363
    190.25820     -0.03355
    190.32207     -0.03346
    190.38593     -0.03335
    190.44980     -0.03323
    190.51366     -0.03308
    190.57753     -0.03292
    190.64139     -0.03274
    190.70526     -0.03253
    190.76912     -0.03231
    190.83299     -0.03207
    190.89685     -0.03180
    190.96072     -0.03152
    191.02459     -0.03121
    191.08845     -0.03087
    191.15232     -0.03051
    191.21618     -0.03013
    191.28005     -0.02972
    191.34391     -0.02929
    191.40778     -0.02883
    191.47164     -0.02834
    191.53551     -0.02783
    191.59937     -0.02728
    191.66324     -0.02671
    191.72711     -0.02611
    191.79097     -0.02547
    191.85484     -0.02481
    191.91870     -0.02411
    191.98257     -0.02338
    192.04643     -0.02261
    192.11030     -0.02181
    192.17416     -0.02098
    192.23803     -0.02010
    192.30189     -0.01920
    192.36576     -0.01825
    192.42963     -0.01726
    192.49349     -0.01624
    192.55736     -0.01517
    192.62122     -0.01407
    192.68509     -0.01292
    192.74895     -0.01173
    192.81282     -0.01049
    192.87668     -0.00921
    192.94055     -0.00789
    193.00442     -0.00651
    193.06828     -0.00509
    193.13215     -0.00363
    193.19601     -0.00211
    193.25988     -0.00054
    193.32374      0.00108
    193.38761      0.00276
    193.45147      0.00448
    193.51534      0.00626
    193.57920      0.00810
    193.64307      0.01000
    193.70694      0.01195
    193.77080      0.01396
    193.83467      0.01603
    193.89853      0.01816
    193.96240      0.02035
    194.02626      0.02261
    194.09013      0.02493
    194.15399      0.02732
    194.21786      0.02977
    194.28172      0.03229
    194.34559      0.03488
    194.40946      0.03754
    194.47332      0.04028
    194.53719      0.04308
    194.60105      0.04596
    194.66492      0.04891
    194.72878      0.05194
    194.79265      0.05505
    194.85651      0.05824
    194.92038      0.06151
    194.98424      0.06485
    195.04811      0.06829
    195.11198      0.07180
    195.17584      0.07540
    195.23971      0.07909
    195.30357      0.08286
    195.36744      0.08673
    195.43130      0.09069
    195.49517      0.09473
    195.55903      0.09887
    195.62290      0.10311
    195.68676      0.10744
    195.75063      0.11188
    195.81450      0.11641
    195.87836      0.12104
    195.94223      0.12577
    196.00609      0.13061
    196.06996      0.13555
    196.13382      0.14059
    196.19769      0.14575
    196.26155      0.15102
    196.32542      0.15639
    196.38928      0.16188
    196.45315      0.16748
    196.51702      0.17320
    196.58088      0.17904
    196.64475      0.18499
    196.70861      0.19107
    196.77248      0.19726
    196.83634      0.20358
    196.90021      0.21003
    196.96407      0.21660
    197.02794      0.22330
    197.09180      0.23013
    197.15567      0.23709
    197.21954      0.24418
    197.28340      0.25141
    197.34727      0.25877
    197.41113      0.26628
    197.47500      0.27392
    197.53886      0.28170
    197.60273      0.28963
    197.66659      0.29770
    197.73046      0.30591
    197.79432      0.31428
    197.85819      0.32279
    197.92206      0.33145
    197.98592      0.34027
    198.04979      0.34924
    198.11365      0.35837
    198.17752      0.36766
    198.24138      0.37710
    198.30525      0.38671
    198.36911      0.39648
    198.43298      0.40642
    198.49685      0.41652
    198.56071      0.42679
    198.62458      0.43723
    198.68844      0.44784
    198.75231      0.45862
    198.81617      0.46958
    198.88004      0.48072
    198.94390      0.49204
    199.00777      0.50353
    199.07163      0.51521
    199.13550      0.52707
    199.19937      0.53912
    199.26323      0.55135
    199.32710      0.56378
    199.39096      0.57639
    199.45483      0.58920
    199.51869      0.60220
    199.58256      0.61539
    199.64642      0.62879
    199.71029      0.64238
    199.77415      0.65618
    199.83802      0.67018
    199.90189      0.68438
    199.96575      0.69879
    200.02962      0.71340
    200.09348      0.72823
    200.15735      0.74327
    200.22121      0.75852
    200.28508      0.77399
    200.34894      0.78967
    200.41281      0.80557
    200.47667      0.82169
    200.54054      0.83803
    200.60441      0.85460
    200.66827      0.87139
    200.73214      0.88841
    200.79600      0.90565
    200.85987      0.92313
    200.92373      0.94084
    200.98760      0.95878
    201.05146      0.97695
    201.11533      0.99536
    201.17919      1.01401
    201.24306      1.03290
    201.30693      1.05203
    201.37079      1.07141
    201.43466      1.09102
    201.49852      1.11089
    201.56239      1.13100
    201.62625      1.15136
    201.69012      1.17197
    201.75398      1.19283
    201.81785      1.21395
    201.88171      1.23532
    201.94558      1.25695
    202.00945      1.27884
    202.07331      1.30099
    202.13718      1.32339
    202.20104      1.34606
    202.26491      1.36900
    202.32877      1.39220
    202.39264      1.41566
    202.45650      1.43940
    202.52037      1.46340
    202.58423      1.48767
    202.64810      1.51222
    202.71197      1.53704
    202.77583      1.56213
    202.83970      1.58750
    202.90356      1.61315
    202.96743      1.63908
    203.03129      1.66528
    203.09516      1.69177
    203.15902      1.71854
    203.22289      1.74559
    203.28675      1.77293
    203.35062      1.80055
    203.41449      1.82846
    203.47835      1.85666
    203.54222      1.88515
    203.60608      1.91393
    203.66995      1.94300
    203.73381      1.97236
    203.79768      2.00201
    203.86154      2.03196
    203.92541      2.06220
    203.98928      2.09274
    204.05314      2.12358
    204.11701      2.15472
    204.18087      2.18615
    204.24474      2.21789
    204.30860      2.24992
    204.37247      2.28226
    204.43633      2.31490
    204.50020      2.34784
    204.56406      2.38109
    204.62793      2.41464
    204.69180      2.44850
    204.75566      2.48266
    204.81953      2.51713
    204.88339      2.55191
    204.94726      2.58699
    205.01112      2.62239
    205.07499      2.65809
    205.13885      2.69410
    205.20272      2.73043
    205.26658      2.76706
    205.33045      2.80401
    205.39432      2.84127
    205.45818      2.87884
    205.52205      2.91672
    205.58591      2.95492
    205.64978      2.99343
    205.71364      3.03225
    205.77751      3.07139
    205.84137      3.11084
    205.90524      3.15061
    205.96910      3.19069
    206.03297      3.23109
    206.09684      3.27180
    206.16070      3.31283
    206.22457      3.35417
    206.28843      3.39583
    206.35230      3.43780
    206.41616      3.48010
    206.48003      3.52270
    206.54389      3.56563
    206.60776      3.60887
    206.67162      3.65242
    206.73549      3.69629
    206.79936      3.74048
    206.86322      3.78498
    206.92709      3.82980
    206.99095      3.87493
    207.05482      3.92038
    207.11868      3.96614
    207.18255      4.01222
    207.24641      4.05861
    207.31028      4.10531
    207.37414      4.15233
    207.43801      4.19967
    207.50188      4.24731
    207.56574      4.29527
    207.62961      4.34354
    207.69347      4.39212
    207.75734      4.44101
    207.82120      4.49021
    207.88507      4.53973
    207.94893      4.58955
    208.01280      4.63968
    208.07666      4.69012
    208.14053      4.74087
    208.20440      4.79192
    208.26826      4.84328
    208.33213      4.89495
    208.39599      4.94692
    208.45986      4.99919
    208.52372      5.05177
    208.58759      5.10465
    208.65145      5.15783
    208.71532      5.21131
    208.77918      5.26509
    208.84305      5.31917
    208.90692      5.37355
    208.97078      5.42822
    209.03465      5.48319
    209.09851      5.53846
    209.16238      5.59402
    209.22624      5.64987
    209.29011      5.70601
    209.35397      5.76244
    209.41784      5.81917
    209.48171      5.87618
    209.54557      5.93347
    209.60944      5.99105
    209.67330      6.04892
    209.73717      6.10707
    209.80103      6.16550
    209.86490      6.22421
    209.92876      6.28320
    209.99263      6.34247
    210.05649      6.40201
    210.12036      6.46183
    210.18423      6.52193
    210.24809      6.58229
    210.31196      6.64293
    210.37582      6.70383
    210.43969      6.76500
    210.50355      6.82644
    210.56742      6.88814
    210.63128      6.95011
    210.69515      7.01233
    210.75901      7.07482
    210.82288      7.13756
    210.88675      7.20056
    210.95061      7.26381
    211.01448      7.32732
    211.07834      7.39108
    211.14221      7.45508
    211.20607      7.51934
    211.26994      7.58384
    211.33380      7.64858
    211.39767      7.71357
    211.46153      7.77879
    211.52540      7.84426
    211.58927      7.90996
    211.65313      7.97589
    211.71700      8.04206
    211.78086      8.10846
    211.84473      8.17509
    211.90859      8.24194
    211.97246      8.30902
    212.03632      8.37632
    212.10019      8.44384
    212.16405      8.51159
    212.22792      8.57954
    212.29179      8.64772
    212.35565      8.71610
    212.41952      8.78469
    212.48338      8.85350
    212.54725      8.92251
    212.61111      8.99172
    212.67498      9.06113
    212.73884      9.13075
    212.80271      9.20056
    212.86657      9.27056
    212.93044      9.34076
    212.99431      9.41115
    213.05817      9.48173
    213.12204      9.55250
    213.18590      9.62344
    213.24977      9.69457
    213.31363      9.76588
    213.37750      9.83737
    213.44136      9.90903
    213.50523      9.98086
    213.56909     10.05286
    213.63296     10.12503
    213.69683     10.19736
    213.76069     10.26986
    213.82456     10.34251
    213.88842     10.41533
    213.95229     10.48830
    214.01615     10.56142
    214.08002     10.63469
    214.14388     10.70811
    214.20775     10.78168
    214.27161     10.85539
    214.33548     10.92923
    214.39935     11.00322
    214.46321     11.07734
    214.52708     11.15160
    214.59094     11.22598
    214.65481     11.30049
    214.71867     11.37513
    214.78254     11.44989
    214.84640     11.52477
    214.91027     11.59977
    214.97414     11.67488
    215.03800     11.75010
    215.10187     11.82543
    215.16573     11.90087
    215.22960     11.97642
    215.29346     12.05206
    215.35733     12.12780
    215.42119     12.20364
    215.48506     12.27958
    215.54892     12.35560
    215.61279     12.43171
    215.67666     12.50791
    215.74052     12.58419
    215.80439     12.66055
    215.86825     12.73698
    215.93212     12.81349
    215.99598     12.89008
    216.05985     12.96673
    216.12371     13.04344
    216.18758     13.12022
    216.25144     13.19707
    216.31531     13.27396
    216.37918     13.35092
    216.44304     13.42792
    216.50691     13.50498
    216.57077     13.58208
    216.63464     13.65922
    216.69850     13.73641
    216.76237     13.81363
    216.82623     13.89089
    216.89010     13.96818
    216.95396     14.04550
    217.01783     14.12285
    217.08170     14.20022
    217.14556     14.27761
    217.20943     14.35502
    217.27329     14.43244
    217.33716     14.50988
    217.40102     14.58733
    217.46489     14.66478
    217.52875     14.74223
    217.59262     14.81969
    217.65648     14.89714
    217.72035     14.97459
    217.78422     15.05203
    217.84808     15.12946
    217.91195     15.20687
    217.97581     15.28427
    218.03968     15.36164
    218.10354     15.43900
    218.16741     15.51632
    218.23127     15.59362
    218.29514     15.67089
    218.35900     15.74812
    218.42287     15.82531
    218.48674     15.90246
    218.55060     15.97957
    218.61447     16.05663
    218.67833     16.13364
    218.74220     16.21059
    218.80606     16.28749
    218.86993     16.36433
    218.93379     16.44111
    218.99766     16.51783
    219.06152     16.59447
    219.12539     16.67104
    219.18926     16.74754
    219.25312     16.82396
    219.31699     16.90030
    219.38085     16.97656
    219.44472     17.05273
    219.50858     17.12881
    219.57245     17.20480
    219.63631     17.28069
    219.70018     17.35648
    219.76404     17.43217
    219.82791     17.50775
    219.89178     17.58322
    219.95564     17.65859
    220.01951     17.73383
    220.08337     17.80896
    220.14724     17.88397
    220.21110     17.95886
    220.27497     18.03361
    220.33883     18.10824
    220.40270     18.18273
    220.46657     18.25709
    220.53043     18.33130
    220.59430     18.40538
    220.65816     18.47930
    220.72203     18.55308
    220.78589     18.62670
    220.84976     18.70017
    220.91362     18.77348
    220.97749     18.84662
    221.04135     18.91961
    221.10522     18.99242
    221.16909     19.06506
    221.23295     19.13752
    221.29682     19.20981
    221.36068     19.28191
    221.42455     19.35383
    221.48841     19.42557
    221.55228     19.49711
    221.61614     19.56845
    221.68001     19.63960
    221.74387     19.71055
    221.80774     19.78129
    221.87161     19.85183
    221.93547     19.92216
    221.99934     19.99227
    222.06320     20.06217
    222.12707     20.13184
    222.19093     20.20129
    222.25480     20.27052
    222.31866     20.33951
    222.38253     20.40828
    222.44639     20.47680
    222.51026     20.54509
    222.57413     20.61313
    222.63799     20.68093
    222.70186     20.74847
    222.76572     20.81577
    222.82959     20.88281
    222.89345     20.94959
    222.95732     21.01610
    223.02118     21.08236
    223.08505     21.14834
    223.14891     21.21405
    223.21278     21.27949
    223.27665     21.34464
    223.34051     21.40952
    223.40438     21.47411
    223.46824     21.53841
    223.53211     21.60242
    223.59597     21.66614
    223.65984     21.72956
    223.72370     21.79268
    223.78757     21.85549
    223.85143     21.91799
    223.91530     21.98019
    223.97917     22.04207
    224.04303     22.10363
    224.10690     22.16488
    224.17076     22.22580
    224.23463     22.28639
    224.29849     22.34666
    224.36236     22.40659
    224.42622     22.46619
    224.49009     22.52544
    224.55395     22.58436
    224.61782     22.64292
    224.68169     22.70114
    224.74555     22.75901
    224.80942     22.81653
    224.87328     22.87368
    224.93715     22.93048
    225.00101     22.98691
    225.06488     23.04297
    225.12874     23.09867
    225.19261     23.15399
    225.25647     23.20893
    225.32034     23.26350
    225.38421     23.31768
    225.44807     23.37148
    225.51194     23.42489
    225.57580     23.47791
    225.63967     23.53053
    225.70353     23.58276
    225.76740     23.63458
    225.83126     23.68601
    225.89513     23.73703
    225.95900     23.78764
    226.02286     23.83783
    226.08673     23.88762
    226.15059     23.93698
    226.21446     23.98593
    226.27832     24.03445
    226.34219     24.08255
    226.40605     24.13022
    226.46992     24.17746
    226.53378     24.22426
    226.59765     24.27063
    226.66152     24.31656
    226.72538     24.36204
    226.78925     24.40709
    226.85311     24.45168
    226.91698     24.49583
    226.98084     24.53952
    227.04471     24.58276
    227.10857     24.62553
    227.17244     24.66785
    227.23630     24.70971
    227.30017     24.75110
    227.36404     24.79203
    227.42790     24.83248
    227.49177     24.87247
    227.55563     24.91197
    227.61950     24.95100
    227.68336     24.98956
    227.74723     25.02763
    227.81109     25.06521
    227.87496     25.10231
    227.93882     25.13893
    228.00269     25.17505
    228.06656     25.21068
    228.13042     25.24581
    228.19429     25.28045
    228.25815     25.31459
    228.32202     25.34823
    228.38588     25.38136
    228.44975     25.41400
    228.51361     25.44612
    228.57748     25.47774
    228.64134     25.50884
    228.70521     25.53944
    228.76908     25.56952
    228.83294     25.59908
    228.89681     25.62813
    228.96067     25.65665
    229.02454     25.68466
    229.08840     25.71215
    229.15227     25.73911
    229.21613     25.76554
    229.28000     25.79145
    229.34386     25.81683
    229.40773     25.84168
    229.47160     25.86600
    229.53546     25.88979
    229.59933     25.91304
    229.66319     25.93576
    229.72706     25.95794
    229.79092     25.97959
    229.85479     26.00069
    229.91865     26.02126
    229.98252     26.04129
    230.04638     26.06077
    230.11025     26.07971
    230.17412     26.09811
    230.23798     26.11597
    230.30185     26.13328
    230.36571     26.15004
    230.42958     26.16626
    230.49344     26.18193
    230.55731     26.19705
    230.62117     26.21162
    230.68504     26.22565
    230.74891     26.23912
    230.81277     26.25205
    230.87664     26.26442
    230.94050     26.27624
    231.00437     26.28752
    231.06823     26.29824
    231.13210     26.30841
    231.19596     26.31803
    231.25983     26.32709
    231.32369     26.33561
    231.38756     26.34357
    231.45143     26.35098
    231.51529     26.35784
    231.57916     26.36415
    231.64302     26.36990
    231.70689     26.37511
    231.77075     26.37976
    231.83462     26.38387
    231.89848     26.38742
    231.96235     26.39043
    232.02621     26.39288
    232.09008     26.39479
    232.15395     26.39615
    232.21781     26.39696
    232.28168     26.39722
    232.34554     26.39694
    232.40941     26.39612
    232.47327     26.39475
    232.53714     26.39283
    232.60100     26.39038
    232.66487     26.38738
    232.72873     26.38385
    232.79260     26.37977
    232.85647     26.37516
    232.92033     26.37001
    232.98420     26.36433
    233.04806     26.35811
    233.11193     26.35136
    233.17579     26.34408
    233.23966     26.33628
    233.30352     26.32794
    233.36739     26.31908
    233.43125     26.30969
    233.49512     26.29978
    233.55899     26.28935
    233.62285     26.27840
    233.68672     26.26694
    233.75058     26.25496
    233.81445     26.24247
    233.87831     26.22946
    233.94218     26.21595
    234.00604     26.20193
    234.06991     26.18741
    234.13377     26.17238
    234.19764     26.15686
    234.26151     26.14084
    234.32537     26.12433
    234.38924     26.10732
    234.45310     26.08982
    234.51697     26.07184
    234.58083     26.05337
    234.64470     26.03442
    234.70856     26.01499
    234.77243     25.99509
    234.83629     25.97472
    234.90016     25.95387
    234.96403     25.93256
    235.02789     25.91078
    235.09176     25.88855
    235.15562     25.86585
    235.21949     25.84271
    235.28335     25.81911
    235.34722     25.79506
    235.41108     25.77057
    235.47495     25.74564
    235.53881     25.72027
    235.60268     25.69447
    235.66655     25.66823
    235.73041     25.64158
    235.79428     25.61449
    235.85814     25.58699
    235.92201     25.55908
    235.98587     25.53075
    236.04974     25.50201
    236.11360     25.47287
    236.17747     25.44334
    236.24134     25.41340
    236.30520     25.38307
    236.36907     25.35236
    236.43293     25.32126
    236.49680     25.28979
    236.56066     25.25794
    236.62453     25.22572
    236.68839     25.19313
    236.75226     25.16018
    236.81612     25.12687
    236.87999     25.09321
    236.94386     25.05920
    237.00772     25.02485
    237.07159     24.99016
    237.13545     24.95513
    237.19932     24.91977
    237.26318     24.88409
    237.32705     24.84809
    237.39091     24.81177
    237.45478     24.77514
    237.51864     24.73820
    237.58251     24.70097
    237.64638     24.66344
    237.71024     24.62561
    237.77411     24.58750
    237.83797     24.54911
    237.90184     24.51044
    237.96570     24.47150
    238.02957     24.43230
    238.09343     24.39283
    238.15730     24.35311
    238.22116     24.31314
    238.28503     24.27293
    238.34890     24.23247
    238.41276     24.19178
    238.47663     24.15086
    238.54049     24.10972
    238.60436     24.06836
    238.66822     24.02678
    238.73209     23.98500
    238.79595     23.94302
    238.85982     23.90084
    238.92368     23.85847
    238.98755     23.81592
    239.05142     23.77319
    239.11528     23.73028
    239.17915     23.68720
    239.24301     23.64396
    239.30688     23.60057
    239.37074     23.55702
    239.43461     23.51333
    239.49847     23.46949
    239.56234     23.42553
    239.62620     23.38143
    239.69007     23.33721
    239.75394     23.29288
    239.81780     23.24843
    239.88167     23.20388
    239.94553     23.15923
    240.00940     23.11449
    240.07326     23.06965
    240.13713     23.02474
    240.20099     22.97975
    240.26486     22.93469
    240.32872     22.88957
    240.39259     22.84438
    240.45646     22.79915
    240.52032     22.75387
    240.58419     22.70854
    240.64805     22.66319
    240.71192     22.61780
    240.77578     22.57239
    240.83965     22.52696
    240.90351     22.48153
    240.96738     22.43608
    241.03124     22.39064
    241.09511     22.34520
    241.15898     22.29978
    241.22284     22.25437
    241.28671     22.20899
    241.35057     22.16364
    241.41444     22.11833
    241.47830     22.07306
    241.54217     22.02783
    241.60603     21.98266
    241.66990     21.93755
    241.73377     21.89250
    241.79763     21.84752
    241.86150     21.80262
    241.92536     21.75781
    241.98923     21.71308
    242.05309     21.66845
    242.11696     21.62392
    242.18082     21.57949
    242.24469     21.53517
    242.30855     21.49098
    242.37242     21.44690
    242.43629     21.40295
    242.50015     21.35914
    242.56402     21.31547
    242.62788     21.27194
    242.69175     21.22857
    242.75561     21.18535
    242.81948     21.14230
    242.88334     21.09941
    242.94721     21.05669
    243.01107     21.01416
    243.07494     20.97181
    243.13881     20.92965
    243.20267     20.88768
    243.26654     20.84592
    243.33040     20.80436
    243.39427     20.76301
    243.45813     20.72188
    243.52200     20.68097
    243.58586     20.64029
    243.64973     20.59984
    243.71359     20.55963
    243.77746     20.51966
    243.84133     20.47994
    243.90519     20.44047
    243.96906     20.40126
    244.03292     20.36231
    244.09679     20.32363
    244.16065     20.28523
    244.22452     20.24710
    244.28838     20.20925
    244.35225     20.17169
    244.41611     20.13442
    244.47998     20.09745
    244.54385     20.06078
    244.60771     20.02442
    244.67158     19.98837
    244.73544     19.95263
    244.79931     19.91721
    244.86317     19.88212
    244.92704     19.84735
    244.99090     19.81292
    245.05477     19.77883
    245.11863     19.74508
    245.18250     19.71167
    245.24637     19.67861
    245.31023     19.64591
    245.37410     19.61357
    245.43796     19.58159
    245.50183     19.54997
    245.56569     19.51873
    245.62956     19.48786
    245.69342     19.45737
    245.75729     19.42726
    245.82115     19.39753
    245.88502     19.36820
    245.94889     19.33926
    246.01275     19.31071
    246.07662     19.28257
    246.14048     19.25483
    246.20435     19.22749
    246.26821     19.20057
    246.33208     19.17406
    246.39594     19.14797
    246.45981     19.12230
    246.52367     19.09705
    246.58754     19.07223
    246.65141     19.04784
    246.71527     19.02388
    246.77914     19.00035
    246.84300     18.97727
    246.90687     18.95462
    246.97073     18.93242
    247.03460     18.91067
    247.09846     18.88937
    247.16233     18.86851
    247.22620     18.84812
    247.29006     18.82817
    247.35393     18.80869
    247.41779     18.78967
    247.48166     18.77112
    247.54552     18.75303
    247.60939     18.73541
    247.67325     18.71825
    247.73712     18.70158
    247.80098     18.68537
    247.86485     18.66964
    247.92872     18.65439
    247.99258     18.63962
    248.05645     18.62534
    248.12031     18.61153
    248.18418     18.59821
    248.24804     18.58538
    248.31191     18.57303
    248.37577     18.56118
    248.43964     18.54981
    248.50350     18.53894
    248.56737     18.52856
    248.63124     18.51867
    248.69510     18.50928
    248.75897     18.50039
    248.82283     18.49199
    248.88670     18.48410
    248.95056     18.47670
    249.01443     18.46980
    249.07829     18.46340
    249.14216     18.45751
    249.20602     18.45211
    249.26989     18.44722
    249.33376     18.44283
    249.39762     18.43895
    249.46149     18.43557
    249.52535     18.43269
    249.58922     18.43032
    249.65308     18.42845
    249.71695     18.42708
    249.78081     18.42623
    249.84468     18.42587
    249.90854     18.42602
    249.97241     18.42667
    250.03628     18.42783
    250.10014     18.42949
    250.16401     18.43166
    250.22787     18.43433
    250.29174     18.43750
    250.35560     18.44117
    250.41947     18.44534
    250.48333     18.45002
    250.54720     18.45519
    250.61106     18.46087
    250.67493     18.46704
    250.73880     18.47371
    250.80266     18.48088
    250.86653     18.48854
    250.93039     18.49669
    250.99426     18.50534
    251.05812     18.51449
    251.12199     18.52412
    251.18585     18.53424
    251.24972     18.54485
    251.31358     18.55595
    251.37745     18.56753
    251.44132     18.57960
    251.50518     18.59215
    251.56905     18.60517
    251.63291     18.61868
    251.69678     18.63267
    251.76064     18.64713
    251.82451     18.66206
    251.88837     18.67746
    251.95224     18.69334
    252.01610     18.70968
    252.07997     18.72648
    252.14384     18.74375
    252.20770     18.76148
    252.27157     18.77967
    252.33543     18.79831
    252.39930     18.81741
    252.46316     18.83696
    252.52703     18.85696
    252.59089     18.87740
    252.65476     18.89829
    252.71863     18.91962
    252.78249     18.94139
    252.84636     18.96360
    252.91022     18.98623
    252.97409     19.00930
    253.03795     19.03280
    253.10182     19.05672
    253.16568     19.08106
    253.22955     19.10582
    253.29341     19.13099
    253.35728     19.15658
    253.42115     19.18257
    253.48501     19.20897
    253.54888     19.23578
    253.61274     19.26298
    253.67661     19.29058
    253.74047     19.31858
    253.80434     19.34696
    253.86820     19.37573
    253.93207     19.40488
    253.99593     19.43441
    254.05980     19.46431
    254.12367     19.49459
    254.18753     19.52523
    254.25140     19.55624
    254.31526     19.58761
    254.37913     19.61933
    254.44299     19.65141
    254.50686     19.68384
    254.57072     19.71661
    254.63459     19.74973
    254.69845     19.78318
    254.76232     19.81696
    254.82619     19.85108
    254.89005     19.88552
    254.95392     19.92028
    255.01778     19.95536
    255.08165     19.99075
    255.14551     20.02645
    255.20938     20.06245
    255.27324     20.09876
    255.33711     20.13536
    255.40097     20.17225
    255.46484     20.20943
    255.52871     20.24689
    255.59257     20.28463
    255.65644     20.32265
    255.72030     20.36093
    255.78417     20.39948
    255.84803     20.43829
    255.91190     20.47736
    255.97576     20.51668
    256.03963     20.55625
    256.10349     20.59606
    256.16736     20.63610
    256.23123     20.67638
    256.29509     20.71689
    256.35896     20.75763
    256.42282     20.79858
    256.48669     20.83974
    256.55055     20.88112
    256.61442     20.92270
    256.67828     20.96449
    256.74215     21.00646
    256.80601     21.04863
    256.86988     21.09099
    256.93375     21.13352
    256.99761     21.17623
    257.06148     21.21912
    257.12534     21.26217
    257.18921     21.30538
    257.25307     21.34875
    257.31694     21.39227
    257.38080     21.43594
    257.44467     21.47974
    257.50853     21.52369
    257.57240     21.56777
    257.63627     21.61197
    257.70013     21.65630
    257.76400     21.70075
    257.82786     21.74530
    257.89173     21.78997
    257.95559     21.83473
    258.01946     21.87960
    258.08332     21.92455
    258.14719     21.96959
    258.21106     22.01472
    258.27492     22.05992
    258.33879     22.10519
    258.40265     22.15053
    258.46652     22.19594
    258.53038     22.24140
    258.59425     22.28691
    258.65811     22.33247
    258.72198     22.37807
    258.78584     22.42370
    258.84971     22.46937
    258.91358     22.51507
    258.97744     22.56078
    259.04131     22.60652
    259.10517     22.65226
    259.16904     22.69801
    259.23290     22.74377
    259.29677     22.78952
    259.36063     22.83526
    259.42450     22.88099
    259.48836     22.92670
    259.55223     22.97238
    259.61610     23.01804
    259.67996     23.06366
    259.74383     23.10925
    259.80769     23.15479
    259.87156     23.20029
    259.93542     23.24573
    259.99929     23.29111
    260.06315     23.33643
    260.12702     23.38168
    260.19088     23.42686
    260.25475     23.47196
    260.31862     23.51698
    260.38248     23.56191
    260.44635     23.60675
    260.51021     23.65149
    260.57408     23.69613
    260.63794     23.74066
    260.70181     23.78508
    260.76567     23.82939
    260.82954     23.87357
    260.89340     23.91763
    260.95727     23.96156
    261.02114     24.00535
    261.08500     24.04900
    261.14887     24.09251
    261.21273     24.13586
    261.27660     24.17907
    261.34046     24.22211
    261.40433     24.26499
    261.46819     24.30771
    261.53206     24.35025
    261.59592     24.39261
    261.65979     24.43479
    261.72366     24.47679
    261.78752     24.51860
    261.85139     24.56021
    261.91525     24.60162
    261.97912     24.64283
    262.04298     24.68383
    262.10685     24.72461
    262.17071     24.76519
    262.23458     24.80553
    262.29844     24.84566
    262.36231     24.88555
    262.42618     24.92521
    262.49004     24.96463
    262.55391     25.00381
    262.61777     25.04275
    262.68164     25.08143
    262.74550     25.11986
    262.80937     25.15802
    262.87323     25.19593
    262.93710     25.23357
    263.00096     25.27093
    263.06483     25.30802
    263.12870     25.34484
    263.19256     25.38137
    263.25643     25.41761
    263.32029     25.45356
    263.38416     25.48922
    263.44802     25.52458
    263.51189     25.55963
    263.57575     25.59438
    263.63962     25.62883
    263.70349     25.66295
    263.76735     25.69676
    263.83122     25.73025
    263.89508     25.76342
    263.95895     25.79625
    264.02281     25.82876
    264.08668     25.86093
    264.15054     25.89276
    264.21441     25.92425
    264.27827     25.95540
    264.34214     25.98619
    264.40601     26.01664
    264.46987     26.04673
    264.53374     26.07646
    264.59760     26.10582
    264.66147     26.13483
    264.72533     26.16346
    264.78920     26.19172
    264.85306     26.21961
    264.91693     26.24712
    264.98079     26.27425
    265.04466     26.30099
    265.10853     26.32735
    265.17239     26.35332
    265.23626     26.37889
    265.30012     26.40407
    265.36399     26.42885
    265.42785     26.45323
    265.49172     26.47721
    265.55558     26.50078
    265.61945     26.52393
    265.68331     26.54668
    265.74718     26.56901
    265.81105     26.59092
    265.87491     26.61241
    265.93878     26.63348
    266.00264     26.65413
    266.06651     26.67434
    266.13037     26.69413
    266.19424     26.71348
    266.25810     26.73240
    266.32197     26.75088
    266.38583     26.76892
    266.44970     26.78651
    266.51357     26.80367
    266.57743     26.82037
    266.64130     26.83663
    266.70516     26.85244
    266.76903     26.86779
    266.83289     26.88269
    266.89676     26.89713
    266.96062     26.91111
    267.02449     26.92463
    267.08835     26.93769
    267.15222     26.95028
    267.21609     26.96241
    267.27995     26.97406
    267.34382     26.98525
    267.40768     26.99596
    267.47155     27.00620
    267.53541     27.01597
    267.59928     27.02525
    267.66314     27.03406
    267.72701     27.04239
    267.79087     27.05023
    267.85474     27.05759
    267.91861     27.06447
    267.98247     27.07086
    268.04634     27.07676
    268.11020     27.08217
    268.17407     27.08709
    268.23793     27.09152
    268.30180     27.09546
    268.36566     27.09890
    268.42953     27.10184
    268.49339     27.10429
    268.55726     27.10624
    268.62113     27.10769
    268.68499     27.10864
    268.74886     27.10909
    268.81272     27.10904
    268.87659     27.10848
    268.94045     27.10742
    269.00432     27.10585
    269.06818     27.10378
    269.13205     27.10120
    269.19592     27.09811
    269.25978     27.09452
    269.32365     27.09041
    269.38751     27.08580
    269.45138     27.08067
    269.51524     27.07503
    269.57911     27.06889
    269.64297     27.06222
    269.70684     27.05505
    269.77070     27.04736
    269.83457     27.03916
    269.89844     27.03044
    269.96230     27.02121
    270.02617     27.01146
    270.09003     27.00119
    270.15390     26.99041
    270.21776     26.97912
    270.28163     26.96730
    270.34549     26.95497
    270.40936     26.94213
    270.47322     26.92876
    270.53709     26.91488
    270.60096     26.90048
    270.66482     26.88556
    270.72869     26.87012
    270.79255     26.85417
    270.85642     26.83770
    270.92028     26.82071
    270.98415     26.80320
    271.04801     26.78518
    271.11188     26.76664
    271.17574     26.74758
    271.23961     26.72800
    271.30348     26.70790
    271.36734     26.68729
    271.43121     26.66617
    271.49507     26.64452
    271.55894     26.62236
    271.62280     26.59969
    271.68667     26.57649
    271.75053     26.55279
    271.81440     26.52857
    271.87826     26.50383
    271.94213     26.47858
    272.00600     26.45282
    272.06986     26.42655
    272.13373     26.39976
    272.19759     26.37246
    272.26146     26.34465
    272.32532     26.31633
    272.38919     26.28751
    272.45305     26.25817
    272.51692     26.22832
    272.58078     26.19797
    272.64465     26.16711
    272.70852     26.13574
    272.77238     26.10387
    272.83625     26.07149
    272.90011     26.03861
    272.96398     26.00523
    273.02784     25.97134
    273.09171     25.93696
    273.15557     25.90207
    273.21944     25.86669
    273.28330     25.83080
    273.34717     25.79442
    273.41104     25.75755
    273.47490     25.72018
    273.53877     25.68231
    273.60263     25.64395
    273.66650     25.60510
    273.73036     25.56576
    273.79423     25.52593
    273.85809     25.48562
    273.92196     25.44481
    273.98583     25.40352
    274.04969     25.36174
    274.11356     25.31948
    274.17742     25.27674
    274.24129     25.23352
    274.30515     25.18982
    274.36902     25.14564
    274.43288     25.10098
    274.49675     25.05585
    274.56061     25.01024
    274.62448     24.96416
    274.68835     24.91761
    274.75221     24.87059
    274.81608     24.82310
    274.87994     24.77515
    274.94381     24.72673
    275.00767     24.67784
    275.07154     24.62849
    275.13540     24.57868
    275.19927     24.52842
    275.26313     24.47769
    275.32700     24.42651
    275.39087     24.37487
    275.45473     24.32279
    275.51860     24.27025
    275.58246     24.21726
    275.64633     24.16382
    275.71019     24.10993
    275.77406     24.05561
    275.83792     24.00084
    275.90179     23.94562
    275.96565     23.88997
    276.02952     23.83388
    276.09339     23.77736
    276.15725     23.72040
    276.22112     23.66301
    276.28498     23.60519
    276.34885     23.54694
    276.41271     23.48826
    276.47658     23.42916
    276.54044     23.36964
    276.60431     23.30969
    276.66817     23.24933
    276.73204     23.18855
    276.79591     23.12735
    276.85977     23.06574
    276.92364     23.00372
    276.98750     22.94129
    277.05137     22.87845
    277.11523     22.81520
    277.17910     22.75155
    277.24296     22.68750
    277.30683     22.62306
    277.37069     22.55821
    277.43456     22.49297
    277.49843     22.42733
    277.56229     22.36130
    277.62616     22.29488
    277.69002     22.22808
    277.75389     22.16089
    277.81775     22.09332
    277.88162     22.02536
    277.94548     21.95703
    278.00935     21.88832
    278.07321     21.81924
    278.13708     21.74978
    278.20095     21.67995
    278.26481     21.60975
    278.32868     21.53919
    278.39254     21.46827
    278.45641     21.39698
    278.52027     21.32533
    278.58414     21.25332
    278.64800     21.18096
    278.71187     21.10825
    278.77573     21.03518
    278.83960     20.96177
    278.90347     20.88801
    278.96733     20.81391
    279.03120     20.73946
    279.09506     20.66467
    279.15893     20.58955
    279.22279     20.51409
    279.28666     20.43830
    279.35052     20.36218
    279.41439     20.28573
    279.47826     20.20895
    279.54212     20.13185
    279.60599     20.05442
    279.66985     19.97668
    279.73372     19.89862
    279.79758     19.82025
    279.86145     19.74156
    279.92531     19.66256
    279.98918     19.58326
    280.05304     19.50364
    280.11691     19.42373
    280.18078     19.34351
    280.24464     19.26300
    280.30851     19.18219
    280.37237     19.10109
    280.43624     19.01969
    280.50010     18.93800
    280.56397     18.85603
    280.62783     18.77378
    280.69170     18.69124
    280.75556     18.60842
    280.81943     18.52532
    280.88330     18.44195
    280.94716     18.35830
    281.01103     18.27439
    281.07489     18.19020
    281.13876     18.10575
    281.20262     18.02104
    281.26649     17.93607
    281.33035     17.85083
    281.39422     17.76534
    281.45808     17.67960
    281.52195     17.59360
    281.58582     17.50736
    281.64968     17.42087
    281.71355     17.33413
    281.77741     17.24715
    281.84128     17.15994
    281.90514     17.07248
    281.96901     16.98479
    282.03287     16.89687
    282.09674     16.80871
    282.16060     16.72033
    282.22447     16.63172
    282.28834     16.54289
    282.35220     16.45384
    282.41607     16.36457
    282.47993     16.27509
    282.54380     16.18539
    282.60766     16.09548
    282.67153     16.00536
    282.73539     15.91503
    282.79926     15.82450
    282.86312     15.73377
    282.92699     15.64284
    282.99086     15.55171
    283.05472     15.46038
    283.11859     15.36887
    283.18245     15.27716
    283.24632     15.18527
    283.31018     15.09319
    283.37405     15.00093
    283.43791     14.90848
    283.50178     14.81586
    283.56564     14.72307
    283.62951     14.63010
    283.69338     14.53695
    283.75724     14.44364
    283.82111     14.35017
    283.88497     14.25653
    283.94884     14.16272
    284.01270     14.06876
    284.07657     13.97464
    284.14043     13.88037
    284.20430     13.78594
    284.26816     13.69136
    284.33203     13.59664
    284.39590     13.50177
    284.45976     13.40676
    284.52363     13.31160
    284.58749     13.21631
    284.65136     13.12088
    284.71522     13.02532
    284.77909     12.92962
    284.84295     12.83380
    284.90682     12.73785
    284.97069     12.64178
    285.03455     12.54558
    285.09842     12.44926
    285.16228     12.35282
    285.22615     12.25627
    285.29001     12.15961
    285.35388     12.06283
    285.41774     11.96595
    285.48161     11.86896
    285.54547     11.77186
    285.60934     11.67466
    285.67321     11.57737
    285.73707     11.47997
    285.80094     11.38248
    285.86480     11.28490
    285.92867     11.18723
    285.99253     11.08947
    286.05640     10.99162
    286.12026     10.89369
    286.18413     10.79567
    286.24799     10.69758
    286.31186     10.59941
    286.37573     10.50116
    286.43959     10.40284
    286.50346     10.30445
    286.56732     10.20599
    286.63119     10.10747
    286.69505     10.00888
    286.75892      9.91023
    286.82278      9.81152
    286.88665      9.71275
    286.95051      9.61392
    287.01438      9.51505
    287.07825      9.41612
    287.14211      9.31714
    287.20598      9.21811
    287.26984      9.11904
    287.33371      9.01993
    287.39757      8.92078
    287.46144      8.82159
    287.52530      8.72236
    287.58917      8.62310
    287.65303      8.52380
    287.71690      8.42448
    287.78077      8.32512
    287.84463      8.22575
    287.90850      8.12634
    287.97236      8.02692
    288.03623      7.92748
    288.10009      7.82802
    288.16396      7.72854
    288.22782      7.62905
    288.29169      7.52955
    288.35555      7.43004
    288.41942      7.33052
    288.48329      7.23100
    288.54715      7.13147
    288.61102      7.03195
    288.67488      6.93242
    288.73875      6.83290
    288.80261      6.73338
    288.86648      6.63386
    288.93034      6.53436
    288.99421      6.43487
    289.05807      6.33539
    289.12194      6.23592
    289.18581      6.13648
    289.24967      6.03705
    289.31354      5.93764
    289.37740      5.83825
    289.44127      5.73889
    289.50513      5.63955
    289.56900      5.54025
    289.63286      5.44097
    289.69673      5.34173
    289.76059      5.24252
    289.82446      5.14334
    289.88833      5.04421
    289.95219      4.94511
    290.01606      4.84606
    290.07992      4.74704
    290.14379      4.64808
    290.20765      4.54916
    290.27152      4.45029
    290.33538      4.35147
    290.39925      4.25271
    290.46312      4.15400
    290.52698      4.05534
    290.59085      3.95675
    290.65471      3.85821
    290.71858      3.75974
    290.78244      3.66133
    290.84631      3.56299
    290.91017      3.46471
    290.97404      3.36650
    291.03790      3.26837
    291.10177      3.17030
    291.16564      3.07231
    291.22950      2.97440
    291.29337      2.87657
    291.35723      2.77881
    291.42110      2.68114
    291.48496      2.58355
    291.54883      2.48604
    291.61269      2.38862
    291.67656      2.29129
    291.74042      2.19405
    291.80429      2.09691
    291.86816      1.99985
    291.93202      1.90289
    291.99589      1.80603
    292.05975      1.70926
    292.12362      1.61260
    292.18748      1.51604
    292.25135      1.41958
    292.31521      1.32323
    292.37908      1.22698
    292.44294      1.13084
    292.50681      1.03481
    292.57068      0.93889
    292.63454      0.84309
    292.69841      0.74740
    292.76227      0.65183
    292.82614      0.55638
    292.89000      0.46104
    292.95387      0.36583
    293.01773      0.27074
    293.08160      0.17577
    293.14546      0.08093
    293.20933     -0.01378
    293.27320     -0.10837
    293.33706     -0.20282
    293.40093     -0.29714
    293.46479     -0.39133
    293.52866     -0.48539
    293.59252     -0.57930
    293.65639     -0.67308
    293.72025     -0.76672
    293.78412     -0.86022
    293.84798     -0.95358
    293.91185     -1.04679
    293.97572     -1.13986
    294.03958     -1.23278
    294.10345     -1.32555
    294.16731     -1.41817
    294.23118     -1.51064
    294.29504     -1.60296
    294.35891     -1.69513
    294.42277     -1.78714
    294.48664     -1.87899
    294.55050     -1.97068
    294.61437     -2.06222
    294.67824     -2.15359
    294.74210     -2.24481
    294.80597     -2.33586
    294.86983     -2.42674
    294.93370     -2.51746
    294.99756     -2.60801
    295.06143     -2.69839
    295.12529     -2.78860
    295.18916     -2.87864
    295.25302     -2.96850
    295.31689     -3.05820
    295.38076     -3.14771
    295.44462     -3.23705
    295.50849     -3.32621
    295.57235     -3.41520
    295.63622     -3.50400
    295.70008     -3.59262
    295.76395     -3.68105
    295.82781     -3.76931
    295.89168     -3.85737
    295.95555     -3.94525
    296.01941     -4.03295
    296.08328     -4.12045
    296.14714     -4.20776
    296.21101     -4.29488
    296.27487     -4.38181
    296.33874     -4.46854
    296.40260     -4.55508
    296.46647     -4.64142
    296.53033     -4.72757
    296.59420     -4.81351
    296.65807     -4.89926
    296.72193     -4.98480
    296.78580     -5.07015
    296.84966     -5.15529
    296.91353     -5.24022
    296.97739     -5.32495
    297.04126     -5.40947
    297.10512     -5.49379
    297.16899     -5.57790
    297.23285     -5.66179
    297.29672     -5.74548
    297.36059     -5.82895
    297.42445     -5.91222
    297.48832     -5.99526
    297.55218     -6.07810
    297.61605     -6.16071
    297.67991     -6.24311
    297.74378     -6.32529
    297.80764     -6.40725
    297.87151     -6.48899
    297.93537     -6.57051
    297.99924     -6.65181
    298.06311     -6.73289
    298.12697     -6.81374
    298.19084     -6.89436
    298.25470     -6.97476
    298.31857     -7.05493
    298.38243     -7.13488
    298.44630     -7.21459
    298.51016     -7.29408
    298.57403     -7.37334
    298.63789     -7.45236
    298.70176     -7.53115
    298.76563     -7.60971
    298.82949     -7.68803
    298.89336     -7.76612
    298.95722     -7.84397
    299.02109     -7.92158
    299.08495     -7.99896
    299.14882     -8.07610
    299.21268     -8.15300
    299.27655     -8.22966
    299.34041     -8.30607
    299.40428     -8.38225
    299.46815     -8.45818
    299.53201     -8.53387
    299.59588     -8.60931
    299.65974     -8.68451
    299.72361     -8.75947
    299.78747     -8.83417
    299.85134     -8.90863
    299.91520     -8.98284
    299.97907     -9.05680
    300.04293     -9.13051
    300.10680     -9.20397
    300.17067     -9.27718
    300.23453     -9.35014
    300.29840     -9.42285
    300.36226     -9.49530
    300.42613     -9.56749
    300.48999     -9.63943
    300.55386     -9.71112
    300.61772     -9.78255
    300.68159     -9.85372
    300.74545     -9.92464
    300.80932     -9.99530
    300.87319    -10.06570
    300.93705    -10.13583
    301.00092    -10.20571
    301.06478    -10.27533
    301.12865    -10.34469
    301.19251    -10.41378
    301.25638    -10.48261
    301.32024    -10.55118
    301.38411    -10.61949
    301.44798    -10.68753
    301.51184    -10.75530
    301.57571    -10.82281
    301.63957    -10.89005
    301.70344    -10.95703
    301.76730    -11.02374
    301.83117    -11.09018
    301.89503    -11.15635
    301.95890    -11.22226
    302.02276    -11.28789
    302.08663    -11.35326
    302.15050    -11.41835
    302.21436    -11.48317
    302.27823    -11.54773
    302.34209    -11.61201
    302.40596    -11.67601
    302.46982    -11.73975
    302.53369    -11.80321
    302.59755    -11.86640
    302.66142    -11.92931
    302.72528    -11.99195
    302.78915    -12.05431
    302.85302    -12.11640
    302.91688    -12.17821
    302.98075    -12.23975
    303.04461    -12.30101
    303.10848    -12.36199
    303.17234    -12.42270
    303.23621    -12.48312
    303.30007    -12.54327
    303.36394    -12.60314
    303.42780    -12.66273
    303.49167    -12.72204
    303.55554    -12.78108
    303.61940    -12.83983
    303.68327    -12.89830
    303.74713    -12.95649
    303.81100    -13.01440
    303.87486    -13.07203
    303.93873    -13.12937
    304.00259    -13.18644
    304.06646    -13.24322
    304.13032    -13.29972
    304.19419    -13.35594
    304.25806    -13.41187
    304.32192    -13.46752
    304.38579    -13.52289
    304.44965    -13.57797
    304.51352    -13.63277
    304.57738    -13.68728
    304.64125    -13.74151
    304.70511    -13.79546
    304.76898    -13.84912
    304.83284    -13.90249
    304.89671    -13.95558
    304.96058    -14.00838
    305.02444    -14.06090
    305.08831    -14.11313
    305.15217    -14.16508
    305.21604    -14.21674
    305.27990    -14.26811
    305.34377    -14.31920
    305.40763    -14.37000
    305.47150    -14.42051
    305.53536    -14.47074
    305.59923    -14.52068
    305.66310    -14.57033
    305.72696    -14.61969
    305.79083    -14.66877
    305.85469    -14.71756
    305.91856    -14.76606
    305.98242    -14.81427
    306.04629    -14.86219
    306.11015    -14.90983
    306.17402    -14.95718
    306.23788    -15.00424
    306.30175    -15.05101
    306.36562    -15.09750
    306.42948    -15.14369
    306.49335    -15.18960
    306.55721    -15.23522
    306.62108    -15.28055
    306.68494    -15.32560
    306.74881    -15.37035
    306.81267    -15.41482
    306.87654    -15.45899
    306.94041    -15.50288
    307.00427    -15.54648
    307.06814    -15.58980
    307.13200    -15.63282
    307.19587    -15.67556
    307.25973    -15.71801
    307.32360    -15.76017
    307.38746    -15.80204
    307.45133    -15.84362
    307.51519    -15.88492
    307.57906    -15.92592
    307.64293    -15.96664
    307.70679    -16.00708
    307.77066    -16.04722
    307.83452    -16.08708
    307.89839    -16.12665
    307.96225    -16.16593
    308.02612    -16.20492
    308.08998    -16.24363
    308.15385    -16.28205
    308.21771    -16.32018
    308.28158    -16.35803
    308.34545    -16.39559
    308.40931    -16.43286
    308.47318    -16.46985
    308.53704    -16.50655
    308.60091    -16.54297
    308.66477    -16.57910
    308.72864    -16.61494
    308.79250    -16.65050
    308.85637    -16.68577
    308.92023    -16.72076
    308.98410    -16.75546
    309.04797    -16.78988
    309.11183    -16.82402
    309.17570    -16.85787
    309.23956    -16.89143
    309.30343    -16.92471
    309.36729    -16.95771
    309.43116    -16.99043
    309.49502    -17.02286
    309.55889    -17.05501
    309.62275    -17.08688
    309.68662    -17.11846
    309.75049    -17.14976
    309.81435    -17.18078
    309.87822    -17.21152
    309.94208    -17.24198
    310.00595    -17.27216
    310.06981    -17.30205
    310.13368    -17.33167
    310.19754    -17.36101
    310.26141    -17.39006
    310.32527    -17.41884
    310.38914    -17.44734
    310.45301    -17.47556
    310.51687    -17.50350
    310.58074    -17.53116
    310.64460    -17.55855
    310.70847    -17.58566
    310.77233    -17.61249
    310.83620    -17.63904
    310.90006    -17.66532
    310.96393    -17.69132
    311.02779    -17.71705
    311.09166    -17.74250
    311.15553    -17.76768
    311.21939    -17.79258
    311.28326    -17.81721
    311.34712    -17.84156
    311.41099    -17.86564
    311.47485    -17.88945
    311.53872    -17.91298
    311.60258    -17.93625
    311.66645    -17.95924
    311.73032    -17.98196
    311.79418    -18.00441
    311.85805    -18.02659
    311.92191    -18.04850
    311.98578    -18.07014
    312.04964    -18.09151
    312.11351    -18.11262
    312.17737    -18.13345
    312.24124    -18.15402
    312.30510    -18.17432
    312.36897    -18.19435
    312.43284    -18.21412
    312.49670    -18.23362
    312.56057    -18.25286
    312.62443    -18.27183
    312.68830    -18.29054
    312.75216    -18.30898
    312.81603    -18.32716
    312.87989    -18.34508
    312.94376    -18.36274
    313.00762    -18.38013
    313.07149    -18.39726
    313.13536    -18.41413
    313.19922    -18.43074
    313.26309    -18.44710
    313.32695    -18.46319
    313.39082    -18.47902
    313.45468    -18.49460
    313.51855    -18.50992
    313.58241    -18.52498
    313.64628    -18.53978
    313.71014    -18.55433
    313.77401    -18.56863
    313.83788    -18.58267
    313.90174    -18.59645
    313.96561    -18.60998
    314.02947    -18.62326
    314.09334    -18.63629
    314.15720    -18.64906
    314.22107    -18.66158
    314.28493    -18.67385
    314.34880    -18.68587
    314.41266    -18.69765
    314.47653    -18.70917
    314.54040    -18.72044
    314.60426    -18.73147
    314.66813    -18.74225
    314.73199    -18.75279
    314.79586    -18.76307
    314.85972    -18.77312
    314.92359    -18.78291
    314.98745    -18.79247
    315.05132    -18.80178
    315.11518    -18.81084
    315.17905    -18.81967
    315.24292    -18.82825
    315.30678    -18.83660
    315.37065    -18.84470
    315.43451    -18.85256
    315.49838    -18.86019
    315.56224    -18.86757
    315.62611    -18.87472
    315.68997    -18.88163
    315.75384    -18.88831
    315.81770    -18.89475
    315.88157    -18.90095
    315.94544    -18.90693
    316.00930    -18.91266
    316.07317    -18.91817
    316.13703    -18.92344
    316.20090    -18.92848
    316.26476    -18.93329
    316.32863    -18.93787
    316.39249    -18.94222
    316.45636    -18.94634
    316.52022    -18.95023
    316.58409    -18.95390
    316.64796    -18.95734
    316.71182    -18.96055
    316.77569    -18.96354
    316.83955    -18.96630
    316.90342    -18.96884
    316.96728    -18.97115
    317.03115    -18.97325
    317.09501    -18.97512
    317.15888    -18.97677
    317.22275    -18.97820
    317.28661    -18.97941
    317.35048    -18.98040
    317.41434    -18.98118
    317.47821    -18.98173
    317.54207    -18.98207
    317.60594    -18.98220
    317.66980    -18.98210
    317.73367    -18.98180
    317.79753    -18.98128
    317.86140    -18.98055
    317.92527    -18.97960
    317.98913    -18.97845
    318.05300    -18.97708
    318.11686    -18.97550
    318.18073    -18.97372
    318.24459    -18.97172
    318.30846    -18.96952
    318.37232    -18.96711
    318.43619    -18.96450
    318.50005    -18.96168
    318.56392    -18.95865
    318.62779    -18.95542
    318.69165    -18.95199
    318.75552    -18.94835
    318.81938    -18.94452
    318.88325    -18.94048
    318.94711    -18.93624
    319.01098    -18.93181
    319.07484    -18.92717
    319.13871    -18.92234
    319.20257    -18.91731
    319.26644    -18.91209
    319.33031    -18.90666
    319.39417    -18.90105
    319.45804    -18.89524
    319.52190    -18.88924
    319.58577    -18.88304
    319.64963    -18.87666
    319.71350    -18.87008
    319.77736    -18.86331
    319.84123    -18.85636
    319.90509    -18.84921
    319.96896    -18.84188
    320.03283    -18.83436
    320.09669    -18.82666
    320.16056    -18.81877
    320.22442    -18.81070
    320.28829    -18.80244
    320.35215    -18.79400
    320.41602    -18.78538
    320.47988    -18.77658
    320.54375    -18.76759
    320.60761    -18.75843
    320.67148    -18.74909
    320.73535    -18.73957
    320.79921    -18.72987
    320.86308    -18.72000
    320.92694    -18.70995
    320.99081    -18.69973
    321.05467    -18.68934
    321.11854    -18.67877
    321.18240    -18.66802
    321.24627    -18.65711
    321.31013    -18.64603
    321.37400    -18.63477
    321.43787    -18.62335
    321.50173    -18.61176
    321.56560    -18.60000
    321.62946    -18.58808
    321.69333    -18.57599
    321.75719    -18.56373
    321.82106    -18.55131
    321.88492    -18.53873
    321.94879    -18.52599
    322.01265    -18.51308
    322.07652    -18.50001
    322.14039    -18.48678
    322.20425    -18.47340
    322.26812    -18.45985
    322.33198    -18.44615
    322.39585    -18.43229
    322.45971    -18.41827
    322.52358    -18.40410
    322.58744    -18.38978
    322.65131    -18.37530
    322.71518    -18.36067
    322.77904    -18.34589
    322.84291    -18.33095
    322.90677    -18.31587
    322.97064    -18.30063
    323.03450    -18.28525
    323.09837    -18.26972
    323.16223    -18.25404
    323.22610    -18.23822
    323.28996    -18.22225
    323.35383    -18.20614
    323.41770    -18.18988
    323.48156    -18.17348
    323.54543    -18.15694
    323.60929    -18.14026
    323.67316    -18.12344
    323.73702    -18.10647
    323.80089    -18.08937
    323.86475    -18.07213
    323.92862    -18.05476
    323.99248    -18.03724
    324.05635    -18.01959
    324.12022    -18.00181
    324.18408    -17.98389
    324.24795    -17.96584
    324.31181    -17.94766
    324.37568    -17.92935
    324.43954    -17.91090
    324.50341    -17.89233
    324.56727    -17.87362
    324.63114    -17.85479
    324.69500    -17.83583
    324.75887    -17.81674
    324.82274    -17.79753
    324.88660    -17.77820
    324.95047    -17.75874
    325.01433    -17.73915
    325.07820    -17.71944
    325.14206    -17.69961
    325.20593    -17.67967
    325.26979    -17.65960
    325.33366    -17.63941
    325.39752    -17.61910
    325.46139    -17.59867
    325.52526    -17.57813
    325.58912    -17.55747
    325.65299    -17.53670
    325.71685    -17.51581
    325.78072    -17.49480
    325.84458    -17.47369
    325.90845    -17.45246
    325.97231    -17.43112
    326.03618    -17.40967
    326.10004    -17.38811
    326.16391    -17.36644
    326.22778    -17.34466
    326.29164    -17.32278
    326.35551    -17.30079
    326.41937    -17.27869
    326.48324    -17.25649
    326.54710    -17.23418
    326.61097    -17.21177
    326.67483    -17.18926
    326.73870    -17.16664
    326.80256    -17.14393
    326.86643    -17.12111
    326.93030    -17.09819
    326.99416    -17.07518
    327.05803    -17.05207
    327.12189    -17.02885
    327.18576    -17.00555
    327.24962    -16.98214
    327.31349    -16.95865
    327.37735    -16.93505
    327.44122    -16.91137
    327.50508    -16.88759
    327.56895    -16.86372
    327.63282    -16.83976
    327.69668    -16.81570
    327.76055    -16.79156
    327.82441    -16.76733
    327.88828    -16.74301
    327.95214    -16.71860
    328.01601    -16.69411
    328.07987    -16.66953
    328.14374    -16.64487
    328.20761    -16.62012
    328.27147    -16.59528
    328.33534    -16.57037
    328.39920    -16.54537
    328.46307    -16.52029
    328.52693    -16.49513
    328.59080    -16.46989
    328.65466    -16.44457
    328.71853    -16.41917
    328.78239    -16.39370
    328.84626    -16.36815
    328.91013    -16.34252
    328.97399    -16.31681
    329.03786    -16.29103
    329.10172    -16.26518
    329.16559    -16.23925
    329.22945    -16.21325
    329.29332    -16.18718
    329.35718    -16.16104
    329.42105    -16.13483
    329.48491    -16.10854
    329.54878    -16.08219
    329.61265    -16.05577
    329.67651    -16.02928
    329.74038    -16.00272
    329.80424    -15.97610
    329.86811    -15.94942
    329.93197    -15.92266
    329.99584    -15.89585
    330.05970    -15.86897
    330.12357    -15.84203
    330.18743    -15.81502
    330.25130    -15.78795
    330.31517    -15.76083
    330.37903    -15.73364
    330.44290    -15.70640
    330.50676    -15.67909
    330.57063    -15.65173
    330.63449    -15.62431
    330.69836    -15.59683
    330.76222    -15.56930
    330.82609    -15.54171
    330.88995    -15.51407
    330.95382    -15.48637
    331.01769    -15.45862
    331.08155    -15.43082
    331.14542    -15.40297
    331.20928    -15.37506
    331.27315    -15.34711
    331.33701    -15.31910
    331.40088    -15.29105
    331.46474    -15.26295
    331.52861    -15.23480
    331.59247    -15.20660
    331.65634    -15.17835
    331.72021    -15.15006
    331.78407    -15.12172
    331.84794    -15.09334
    331.91180    -15.06492
    331.97567    -15.03645
    332.03953    -15.00794
    332.10340    -14.97939
    332.16726    -14.95079
    332.23113    -14.92216
    332.29499    -14.89348
    332.35886    -14.86476
    332.42273    -14.83601
    332.48659    -14.80722
    332.55046    -14.77839
    332.61432    -14.74952
    332.67819    -14.72061
    332.74205    -14.69167
    332.80592    -14.66270
    332.86978    -14.63369
    332.93365    -14.60464
    332.99751    -14.57557
    333.06138    -14.54646
    333.12525    -14.51731
    333.18911    -14.48814
    333.25298    -14.45893
    333.31684    -14.42970
    333.38071    -14.40043
    333.44457    -14.37114
    333.50844    -14.34181
    333.57230    -14.31246
    333.63617    -14.28308
    333.70004    -14.25367
    333.76390    -14.22424
    333.82777    -14.19478
    333.89163    -14.16530
    333.95550    -14.13579
    334.01936    -14.10626
    334.08323    -14.07670
    334.14709    -14.04712
    334.21096    -14.01752
    334.27482    -13.98790
    334.33869    -13.95825
    334.40256    -13.92859
    334.46642    -13.89890
    334.53029    -13.86920
    334.59415    -13.83947
    334.65802    -13.80973
    334.72188    -13.77997
    334.78575    -13.75019
    334.84961    -13.72040
    334.91348    -13.69058
    334.97734    -13.66076
    335.04121    -13.63091
    335.10508    -13.60106
    335.16894    -13.57119
    335.23281    -13.54130
    335.29667    -13.51140
    335.36054    -13.48149
    335.42440    -13.45157
    335.48827    -13.42163
    335.55213    -13.39169
    335.61600    -13.36173
    335.67986    -13.33176
    335.74373    -13.30179
    335.80760    -13.27180
    335.87146    -13.24181
    335.93533    -13.21181
    335.99919    -13.18180
    336.06306    -13.15178
    336.12692    -13.12176
    336.19079    -13.09173
    336.25465    -13.06169
    336.31852    -13.03165
    336.38238    -13.00161
    336.44625    -12.97156
    336.51012    -12.94151
    336.57398    -12.91145
    336.63785    -12.88139
    336.70171    -12.85133
    336.76558    -12.82127
    336.82944    -12.79120
    336.89331    -12.76114
    336.95717    -12.73107
    337.02104    -12.70101
    337.08490    -12.67094
    337.14877    -12.64088
    337.21264    -12.61082
    337.27650    -12.58076
    337.34037    -12.55070
    337.40423    -12.52065
    337.46810    -12.49059
    337.53196    -12.46055
    337.59583    -12.43050
    337.65969    -12.40046
    337.72356    -12.37043
    337.78742    -12.34040
    337.85129    -12.31038
    337.91516    -12.28036
    337.97902    -12.25035
    338.04289    -12.22035
    338.10675    -12.19035
    338.17062    -12.16036
    338.23448    -12.13038
    338.29835    -12.10041
    338.36221    -12.07045
    338.42608    -12.04050
    338.48994    -12.01056
    338.55381    -11.98063
    338.61768    -11.95071
    338.68154    -11.92080
    338.74541    -11.89090
    338.80927    -11.86101
    338.87314    -11.83114
    338.93700    -11.80128
    339.00087    -11.77143
    339.06473    -11.74160
    339.12860    -11.71178
    339.19247    -11.68198
    339.25633    -11.65219
    339.32020    -11.62241
    339.38406    -11.59265
    339.44793    -11.56291
    339.51179    -11.53318
    339.57566    -11.50347
    339.63952    -11.47378
    339.70339    -11.44410
    339.76725    -11.41444
    339.83112    -11.38480
    339.89499    -11.35518
    339.95885    -11.32557
    340.02272    -11.29599
    340.08658    -11.26642
    340.15045    -11.23688
    340.21431    -11.20735
    340.27818    -11.17785
    340.34204    -11.14836
    340.40591    -11.11890
    340.46977    -11.08946
    340.53364    -11.06004
    340.59751    -11.03065
    340.66137    -11.00127
    340.72524    -10.97192
    340.78910    -10.94259
    340.85297    -10.91329
    340.91683    -10.88400
    340.98070    -10.85475
    341.04456    -10.82552
    341.10843    -10.79631
    341.17229    -10.76713
    341.23616    -10.73797
    341.30003    -10.70884
    341.36389    -10.67973
    341.42776    -10.65065
    341.49162    -10.62160
    341.55549    -10.59258
    341.61935    -10.56358
    341.68322    -10.53461
    341.74708    -10.50566
    341.81095    -10.47675
    341.87481    -10.44786
    341.93868    -10.41901
    342.00255    -10.39018
    342.06641    -10.36138
    342.13028    -10.33261
    342.19414    -10.30387
    342.25801    -10.27516
    342.32187    -10.24648
    342.38574    -10.21783
    342.44960    -10.18921
    342.51347    -10.16062
    342.57733    -10.13207
    342.64120    -10.10355
    342.70507    -10.07505
    342.76893    -10.04659
    342.83280    -10.01817
    342.89666     -9.98977
    342.96053     -9.96141
    343.02439     -9.93309
    343.08826     -9.90479
    343.15212     -9.87653
    343.21599     -9.84830
    343.27985     -9.82011
    343.34372     -9.79195
    343.40759     -9.76383
    343.47145     -9.73574
    343.53532     -9.70769
    343.59918     -9.67967
    343.66305     -9.65169
    343.72691     -9.62375
    343.79078     -9.59584
    343.85464     -9.56796
    343.91851     -9.54013
    343.98237     -9.51233
    344.04624     -9.48456
    344.11011     -9.45684
    344.17397     -9.42915
    344.23784     -9.40150
    344.30170     -9.37389
    344.36557     -9.34631
    344.42943     -9.31878
    344.49330     -9.29128
    344.55716     -9.26382
    344.62103     -9.23640
    344.68490     -9.20902
    344.74876     -9.18168
    344.81263     -9.15438
    344.87649     -9.12712
    344.94036     -9.09989
    345.00422     -9.07271
    345.06809     -9.04557
    345.13195     -9.01847
    345.19582     -8.99141
    345.25968     -8.96439
    345.32355     -8.93741
    345.38742     -8.91047
    345.45128     -8.88358
    345.51515     -8.85672
    345.57901     -8.82991
    345.64288     -8.80314
    345.70674     -8.77641
    345.77061     -8.74972
    345.83447     -8.72308
    345.89834     -8.69648
    345.96220     -8.66992
    346.02607     -8.64341
    346.08994     -8.61693
    346.15380     -8.59050
    346.21767     -8.56412
    346.28153     -8.53778
    346.34540     -8.51148
    346.40926     -8.48523
    346.47313     -8.45901
    346.53699     -8.43285
    346.60086     -8.40673
    346.66472     -8.38065
    346.72859     -8.35462
    346.79246     -8.32863
    346.85632     -8.30269
    346.92019     -8.27679
    346.98405     -8.25094
    347.04792     -8.22513
    347.11178     -8.19937
    347.17565     -8.17365
    347.23951     -8.14798
    347.30338     -8.12236
    347.36724     -8.09678
    347.43111     -8.07125
    347.49498     -8.04576
    347.55884     -8.02032
    347.62271     -7.99493
    347.68657     -7.96958
    347.75044     -7.94428
    347.81430     -7.91903
    347.87817     -7.89382
    347.94203     -7.86866
    348.00590     -7.84355
    348.06976     -7.81849
    348.13363     -7.79347
    348.19750     -7.76850
    348.26136     -7.74358
    348.32523     -7.71870
    348.38909     -7.69388
    348.45296     -7.66910
    348.51682     -7.64437
    348.58069     -7.61969
    348.64455     -7.59505
    348.70842     -7.57047
    348.77228     -7.54593
    348.83615     -7.52144
    348.90002     -7.49700
    348.96388     -7.47261
    349.02775     -7.44827
    349.09161     -7.42397
    349.15548     -7.39973
    349.21934     -7.37553
    349.28321     -7.35138
    349.34707     -7.32729
    349.41094     -7.30324
    349.47480     -7.27924
    349.53867     -7.25529
    349.60254     -7.23139
    349.66640     -7.20754
    349.73027     -7.18374
    349.79413     -7.15999
    349.85800     -7.13629
    349.92186     -7.11264
    349.98573     -7.08904
    350.04959     -7.06548
    350.11346     -7.04198
    350.17733     -7.01853
    350.24119     -6.99513
    350.30506     -6.97178
    350.36892     -6.94848
    350.43279     -6.92523
    350.49665     -6.90203
    350.56052     -6.87888
    350.62438     -6.85578
    350.68825     -6.83274
    350.75211     -6.80974
    350.81598     -6.78679
    350.87985     -6.76390
    350.94371     -6.74105
    351.00758     -6.71826
    351.07144     -6.69552
    351.13531     -6.67282
    351.19917     -6.65018
    351.26304     -6.62759
    351.32690     -6.60505
    351.39077     -6.58257
    351.45463     -6.56013
    351.51850     -6.53774
    351.58237     -6.51541
    351.64623     -6.49313
    351.71010     -6.47089
    351.77396     -6.44871
    351.83783     -6.42659
    351.90169     -6.40451
    351.96556     -6.38248
    352.02942     -6.36051
    352.09329     -6.33858
    352.15715     -6.31671
    352.22102     -6.29489
    352.28489     -6.27312
    352.34875     -6.25140
    352.41262     -6.22974
    352.47648     -6.20812
    352.54035     -6.18656
    352.60421     -6.16505
    352.66808     -6.14359
    352.73194     -6.12218
    352.79581     -6.10083
    352.85967     -6.07952
    352.92354     -6.05827
    352.98741     -6.03707
    353.05127     -6.01592
    353.11514     -5.99483
    353.17900     -5.97378
    353.24287     -5.95279
    353.30673     -5.93184
    353.37060     -5.91095
    353.43446     -5.89012
    353.49833     -5.86933
    353.56219     -5.84859
    353.62606     -5.82791
    353.68993     -5.80728
    353.75379     -5.78670
    353.81766     -5.76617
    353.88152     -5.74570
    353.94539     -5.72527
    354.00925     -5.70490
    354.07312     -5.68458
    354.13698     -5.66431
    354.20085     -5.64410
    354.26471     -5.62393
    354.32858     -5.60382
    354.39245     -5.58375
    354.45631     -5.56374
    354.52018     -5.54379
    354.58404     -5.52388
    354.64791     -5.50403
    354.71177     -5.48422
    354.77564     -5.46447
    354.83950     -5.44477
    354.90337     -5.42512
    354.96724     -5.40553
    355.03110     -5.38598
    355.09497     -5.36649
    355.15883     -5.34705
    355.22270     -5.32765
    355.28656     -5.30832
    355.35043     -5.28903
    355.41429     -5.26979
    355.47816     -5.25061
    355.54202     -5.23147
    355.60589     -5.21239
    355.66976     -5.19336
    355.73362     -5.17438
    355.79749     -5.15546
    355.86135     -5.13658
    355.92522     -5.11775
    355.98908     -5.09898
    356.05295     -5.08026
    356.11681     -5.06159
    356.18068     -5.04296
    356.24454     -5.02440
    356.30841     -5.00588
    356.37228     -4.98741
    356.43614     -4.96899
    356.50001     -4.95063
    356.56387     -4.93231
    356.62774     -4.91405
    356.69160     -4.89584
    356.75547     -4.87767
    356.81933     -4.85956
    356.88320     -4.84150
    356.94706     -4.82349
    357.01093     -4.80553
    357.07480     -4.78762
    357.13866     -4.76977
    357.20253     -4.75196
    357.26639     -4.73420
    357.33026     -4.71649
    357.39412     -4.69884
    357.45799     -4.68123
    357.52185     -4.66368
    357.58572     -4.64617
    357.64958     -4.62872
    357.71345     -4.61131
    357.77732     -4.59395
    357.84118     -4.57665
    357.90505     -4.55939
    357.96891     -4.54219
    358.03278     -4.52503
    358.09664     -4.50793
    358.16051     -4.49087
    358.22437     -4.47387
    358.28824     -4.45691
    358.35210     -4.44000
    358.41597     -4.42314
    358.47984     -4.40634
