# ECD Spectrum
# X-Axis:  Wavelength (nm)
# Y-Axis:  &Delta;&epsilon; (10-40 esu2 cm2)
# Y-Axis2: Rvel

# Peak information
#                  X                   Y                  Y2
#     297.2400000000     -121.3359000000    -1088.2006764128
#     281.0000000000      279.0424000000     2647.2247037815
#     278.2600000000      -55.9148000000     -535.6769057497
#     264.3200000000     -196.9712000000    -1986.5506085371
#     261.7900000000       49.9901000000      509.0469981204
#     259.2300000000      -24.5579000000     -252.5415810427
#     257.6700000000      -56.2643000000     -582.0978442620
#     255.5400000000       12.7208000000      132.7035259991
#     249.0900000000       19.2760000000      206.2944543380
#     236.5200000000        1.9117000000       21.5466024231
#     235.8900000000      -18.8881000000     -213.4546751610
#     233.7300000000       50.0767000000      571.1473562668
#     231.7300000000      -14.4053000000     -165.7169661455
#     229.8800000000       20.1760000000      233.9703415756
#     223.9700000000       16.0409000000      190.9263234661
#     221.6000000000      -22.0177000000     -264.8677743659
#     221.2100000000      -47.7211000000     -575.0857659517
#     220.5500000000       91.7928000000     1109.5030074069
#     219.9000000000       -2.7309000000      -33.1060598933
#     218.4200000000      -17.5283000000     -213.9312965224
#     217.2600000000       -4.2930000000      -52.6754241874
#     215.2900000000      -47.5206000000     -588.4166945425
#     211.7100000000       -2.4529000000      -30.8862654321
#     209.5500000000       -3.7067000000      -47.1548862100
#     205.1100000000       -2.8311000000      -36.7955503866
#     203.9500000000       24.2242000000      316.6304383182
#     202.4800000000      -24.2231000000     -318.9146854963
#     202.0900000000      -12.1793000000     -160.6587681006
#     200.4100000000       28.9007000000      384.4287877773
#     197.5600000000     -126.3384000000    -1704.7601440024

# Spectra
#                  X                   Y               DY/DX
       50.0000000000        0.0000000000        0.0000000000
       50.7000000000        0.0000000000        0.0000000000
       51.4000000000        0.0000000000        0.0000000000
       52.1000000000        0.0000000000        0.0000000000
       52.8000000000        0.0000000000        0.0000000000
       53.5000000000        0.0000000000        0.0000000000
       54.2000000000        0.0000000000        0.0000000000
       54.9000000000        0.0000000000        0.0000000000
       55.6000000000        0.0000000000        0.0000000000
       56.3000000000        0.0000000000        0.0000000000
       57.0000000000        0.0000000000        0.0000000000
       57.7000000000        0.0000000000        0.0000000000
       58.4000000000        0.0000000000        0.0000000000
       59.1000000000        0.0000000000        0.0000000000
       59.8000000000        0.0000000000        0.0000000000
       60.5000000000        0.0000000000        0.0000000000
       61.2000000000        0.0000000000        0.0000000000
       61.9000000000        0.0000000000        0.0000000000
       62.6000000000        0.0000000000        0.0000000000
       63.3000000000        0.0000000000        0.0000000000
       64.0000000000        0.0000000000        0.0000000000
       64.7000000000        0.0000000000        0.0000000000
       65.4000000000        0.0000000000        0.0000000000
       66.1000000000        0.0000000000        0.0000000000
       66.8000000000        0.0000000000        0.0000000000
       67.5000000000        0.0000000000        0.0000000000
       68.2000000000        0.0000000000        0.0000000000
       68.9000000000        0.0000000000        0.0000000000
       69.6000000000        0.0000000000        0.0000000000
       70.3000000000        0.0000000000        0.0000000000
       71.0000000000        0.0000000000        0.0000000000
       71.7000000000        0.0000000000        0.0000000000
       72.4000000000       -0.0000000000        0.0000000000
       73.1000000000       -0.0000000000        0.0000000000
       73.8000000000       -0.0000000000        0.0000000000
       74.5000000000       -0.0000000000        0.0000000000
       75.2000000000       -0.0000000000        0.0000000000
       75.9000000000       -0.0000000000        0.0000000000
       76.6000000000       -0.0000000000        0.0000000000
       77.3000000000       -0.0000000000        0.0000000000
       78.0000000000       -0.0000000000        0.0000000000
       78.7000000000       -0.0000000000        0.0000000000
       79.4000000000       -0.0000000000        0.0000000000
       80.1000000000       -0.0000000000        0.0000000000
       80.8000000000       -0.0000000000        0.0000000000
       81.5000000000       -0.0000000000        0.0000000000
       82.2000000000       -0.0000000000        0.0000000000
       82.9000000000       -0.0000000000        0.0000000000
       83.6000000000       -0.0000000000        0.0000000000
       84.3000000000       -0.0000000000        0.0000000000
       85.0000000000       -0.0000000000        0.0000000000
       85.7000000000       -0.0000000000        0.0000000000
       86.4000000000       -0.0000000000        0.0000000000
       87.1000000000       -0.0000000000        0.0000000000
       87.8000000000       -0.0000000000        0.0000000000
       88.5000000000       -0.0000000000        0.0000000000
       89.2000000000       -0.0000000000        0.0000000000
       89.9000000000       -0.0000000000       -0.0000000000
       90.6000000000       -0.0000000000       -0.0000000000
       91.3000000000       -0.0000000000       -0.0000000000
       92.0000000000       -0.0000000000       -0.0000000000
       92.7000000000       -0.0000000000       -0.0000000000
       93.4000000000       -0.0000000000       -0.0000000000
       94.1000000000       -0.0000000000       -0.0000000000
       94.8000000000       -0.0000000000       -0.0000000000
       95.5000000000       -0.0000000000       -0.0000000000
       96.2000000000       -0.0000000000       -0.0000000000
       96.9000000000       -0.0000000000       -0.0000000000
       97.6000000000       -0.0000000000       -0.0000000000
       98.3000000000       -0.0000000000       -0.0000000000
       99.0000000000       -0.0000000000       -0.0000000000
       99.7000000000       -0.0000000000       -0.0000000000
      100.4000000000       -0.0000000000       -0.0000000000
      101.1000000000       -0.0000000000       -0.0000000000
      101.8000000000       -0.0000000000       -0.0000000000
      102.5000000000       -0.0000000000       -0.0000000000
      103.2000000000       -0.0000000000       -0.0000000000
      103.9000000000       -0.0000000000       -0.0000000000
      104.6000000000       -0.0000000000       -0.0000000000
      105.3000000000       -0.0000000000       -0.0000000000
      106.0000000000       -0.0000000000       -0.0000000000
      106.7000000000       -0.0000000000       -0.0000000000
      107.4000000000       -0.0000000000       -0.0000000000
      108.1000000000       -0.0000000000       -0.0000000000
      108.8000000000       -0.0000000000       -0.0000000000
      109.5000000000       -0.0000000000       -0.0000000000
      110.2000000000       -0.0000000000       -0.0000000000
      110.9000000000       -0.0000000000       -0.0000000000
      111.6000000000       -0.0000000000       -0.0000000000
      112.3000000000       -0.0000000000       -0.0000000000
      113.0000000000       -0.0000000000       -0.0000000000
      113.7000000000       -0.0000000000       -0.0000000000
      114.4000000000       -0.0000000000       -0.0000000000
      115.1000000000       -0.0000000000       -0.0000000000
      115.8000000000       -0.0000000000       -0.0000000000
      116.5000000000       -0.0000000000       -0.0000000000
      117.2000000000       -0.0000000000       -0.0000000000
      117.9000000000       -0.0000000000       -0.0000000000
      118.6000000000       -0.0000000000       -0.0000000000
      119.3000000000       -0.0000000000       -0.0000000000
      120.0000000000       -0.0000000000       -0.0000000000
      120.7000000000       -0.0000000000       -0.0000000000
      121.4000000000       -0.0000000000       -0.0000000000
      122.1000000000       -0.0000000000       -0.0000000000
      122.8000000000       -0.0000000000       -0.0000000000
      123.5000000000       -0.0000000000       -0.0000000000
      124.2000000000       -0.0000000000       -0.0000000000
      124.9000000000       -0.0000000000       -0.0000000000
      125.6000000000       -0.0000000000       -0.0000000000
      126.3000000000       -0.0000000000       -0.0000000000
      127.0000000000       -0.0000000000       -0.0000000000
      127.7000000000       -0.0000000000       -0.0000000000
      128.4000000000       -0.0000000000       -0.0000000000
      129.1000000000       -0.0000000000       -0.0000000000
      129.8000000000       -0.0000000000       -0.0000000000
      130.5000000000       -0.0000000000       -0.0000000000
      131.2000000000       -0.0000000000       -0.0000000000
      131.9000000000       -0.0000000000       -0.0000000000
      132.6000000000       -0.0000000000       -0.0000000000
      133.3000000000       -0.0000000000       -0.0000000000
      134.0000000000       -0.0000000000       -0.0000000000
      134.7000000000       -0.0000000000       -0.0000000000
      135.4000000000       -0.0000000000       -0.0000000000
      136.1000000000       -0.0000000000       -0.0000000000
      136.8000000000       -0.0000000000       -0.0000000000
      137.5000000000       -0.0000000000       -0.0000000000
      138.2000000000       -0.0000000000       -0.0000000000
      138.9000000000       -0.0000000000       -0.0000000000
      139.6000000000       -0.0000000000       -0.0000000000
      140.3000000000       -0.0000000000       -0.0000000000
      141.0000000000       -0.0000000000       -0.0000000000
      141.7000000000       -0.0000000000       -0.0000000000
      142.4000000000       -0.0000000000       -0.0000000000
      143.1000000000       -0.0000000000       -0.0000000000
      143.8000000000       -0.0000000000       -0.0000000000
      144.5000000000       -0.0000000000       -0.0000000000
      145.2000000000       -0.0000000000       -0.0000000000
      145.9000000000       -0.0000000000       -0.0000000000
      146.6000000000       -0.0000000000       -0.0000000000
      147.3000000000       -0.0000000000       -0.0000000000
      148.0000000000       -0.0000000000       -0.0000000000
      148.7000000000       -0.0000000001       -0.0000000000
      149.4000000000       -0.0000000004       -0.0000000000
      150.1000000000       -0.0000000010       -0.0000000000
      150.8000000000       -0.0000000025       -0.0000000000
      151.5000000000       -0.0000000063       -0.0000000000
      152.2000000000       -0.0000000152       -0.0000000000
      152.9000000000       -0.0000000360       -0.0000000000
      153.6000000000       -0.0000000832       -0.0000000000
      154.3000000000       -0.0000001877       -0.0000000000
      155.0000000000       -0.0000004133       -0.0000000000
      155.7000000000       -0.0000008889       -0.0000000000
      156.4000000000       -0.0000018688       -0.0000000000
      157.1000000000       -0.0000038420       -0.0000000000
      157.8000000000       -0.0000077283       -0.0000000000
      158.5000000000       -0.0000152180       -0.0000000000
      159.2000000000       -0.0000293480       -0.0000000000
      159.9000000000       -0.0000554569       -0.0000000000
      160.6000000000       -0.0001027272       -0.0000000001
      161.3000000000       -0.0001866210       -0.0000000005
      162.0000000000       -0.0003326367       -0.0000000016
      162.7000000000       -0.0005819667       -0.0000000048
      163.4000000000       -0.0009998255       -0.0000000144
      164.1000000000       -0.0016874212       -0.0000000414
      164.8000000000       -0.0027987691       -0.0000001148
      165.5000000000       -0.0045637496       -0.0000003075
      166.2000000000       -0.0073189816       -0.0000007947
      166.9000000000       -0.0115481570       -0.0000019849
      167.6000000000       -0.0179334228       -0.0000047935
      168.3000000000       -0.0274191396       -0.0000112016
      169.0000000000       -0.0412888401       -0.0000253459
      169.7000000000       -0.0612554047       -0.0000555675
      170.4000000000       -0.0895633452       -0.0001181140
      171.1000000000       -0.1291006418       -0.0002435673
      171.8000000000       -0.1835158501       -0.0004875706
      172.5000000000       -0.2573342903       -0.0009480089
      173.2000000000       -0.3560651700       -0.0017913953
      173.9000000000       -0.4862896792       -0.0032916570
      174.6000000000       -0.6557186396       -0.0058845603
      175.3000000000       -0.8732074372       -0.0102403325
      176.0000000000       -1.1487159433       -0.0173552555
      176.7000000000       -1.4932021344       -0.0286597922
      177.4000000000       -1.9184402780       -0.0461359994
      178.1000000000       -2.4367579065       -0.0724307291
      178.8000000000       -3.0606902640       -0.1109440339
      179.5000000000       -3.8025562910       -0.1658654337
      180.2000000000       -4.6739661798       -0.2421259126
      180.9000000000       -5.6852766720       -0.3452326850
      181.6000000000       -6.8450160732       -0.4809588035
      182.3000000000       -8.1593059152       -0.6548719513
      183.0000000000       -9.6313097840       -0.8717065282
      183.7000000000      -11.2607416441       -1.1346091369
      184.4000000000      -13.0434656868       -1.4443167937
      185.1000000000      -14.9712171923       -1.7983550702
      185.8000000000      -17.0314691325       -2.1903644113
      186.5000000000      -19.2074624846       -2.6096715884
      187.2000000000      -21.4784098760       -3.0412153671
      187.9000000000      -23.8198727742       -3.4659090505
      188.6000000000      -26.2043026294       -3.8614788002
      189.3000000000      -28.6017268569       -4.2037600981
      190.0000000000      -30.9805519931       -4.4683728384
      190.7000000000      -33.3084493866       -4.6326375869
      191.4000000000      -35.5532838774       -4.6775509250
      192.1000000000      -37.6840434003       -4.5896144121
      192.8000000000      -39.6717274749       -4.3623143707
      193.5000000000      -41.4901550606       -3.9970792145
      194.2000000000      -43.1166570491       -3.5035939456
      194.9000000000      -44.5326253466       -2.8994205814
      195.6000000000      -45.7238985886       -2.2089490613
      196.3000000000      -46.6809734419       -1.4617752521
      197.0000000000      -47.3990396043       -0.6906615663
      197.7000000000      -47.8778454235        0.0707256444
      198.4000000000      -48.1214090151        0.7900931055
      199.1000000000      -48.1375964328        1.4386127286
      199.8000000000      -47.9375935287        1.9926599655
      200.5000000000      -47.5353014555        2.4350754051
      201.2000000000      -46.9466872385        2.7558808220
      201.9000000000      -46.1891205685        2.9524363309
      202.6000000000      -45.2807260838        3.0290756391
      203.3000000000      -44.2397771856        2.9962968922
      204.0000000000      -43.0841531651        2.8696144636
      204.7000000000      -41.8308764496        2.6681914034
      205.4000000000      -40.4957414447        2.4133739690
      206.1000000000      -39.0930410831        2.1272407739
      206.8000000000      -37.6353920797        1.8312623807
      207.5000000000      -36.1336552765        1.5451456207
      208.2000000000      -34.5969435308        1.2859133245
      208.9000000000      -33.0327064752        1.0672468603
      209.6000000000      -31.4468792228        0.8990976291
      210.3000000000      -29.8440807138        0.7875556366
      211.0000000000      -28.2278468679        0.7349490469
      211.7000000000      -26.6008839246        0.7401384157
      212.4000000000      -24.9653282291        0.7989629733
      213.1000000000      -23.3230001154        0.9047935386
      213.8000000000      -21.6756413171        1.0491469533
      214.5000000000      -20.0251273633        1.2223197960
      215.2000000000      -18.3736485595        1.4140040356
      215.9000000000      -16.7238552935        1.6138536346
      216.6000000000      -15.0789654495        1.8119783801
      217.3000000000      -13.4428335677        1.9993488456
      218.0000000000      -11.8199830057        2.1681038868
      218.7000000000      -10.2156036934        2.3117589917
      219.4000000000       -8.6355191056        2.4253197861
      220.1000000000       -7.0861268125        2.5053097666
      220.8000000000       -5.5743174055        2.5497247499
      221.5000000000       -4.1073767736        2.5579285497
      222.2000000000       -2.6928766445        2.5305050998
      222.9000000000       -1.3385580508        2.4690818025
      223.6000000000       -0.0522119705        2.3761375319
      224.3000000000        1.1584391269        2.2548067439
      225.0000000000        2.2858556909        2.1086888188
      225.7000000000        3.3227889472        1.9416693607
      226.4000000000        4.2623803112        1.7577579234
      227.1000000000        5.0982510731        1.5609446843
      227.8000000000        5.8245816093        1.3550770633
      228.5000000000        6.4361798571        1.1437562033
      229.2000000000        6.9285391910        0.9302525826
      229.9000000000        7.2978861488        0.7174397599
      230.6000000000        7.5412186872        0.5077452473
      231.3000000000        7.6563357909        0.3031176882
      232.0000000000        7.6418593222        0.1050097513
      232.7000000000        7.4972490009       -0.0856236269
      233.4000000000        7.2228113419       -0.2683119033
      234.1000000000        6.8197032720       -0.4430407579
      234.8000000000        6.2899310136       -0.6102095393
      235.5000000000        5.6363446588       -0.7705750881
      236.2000000000        4.8626286967       -0.9251831486
      236.9000000000        3.9732885910       -1.0752890924
      237.6000000000        2.9736333535       -1.2222702176
      238.3000000000        1.8697539345       -1.3675323951
      239.0000000000        0.6684971454       -1.5124142587
      239.7000000000       -0.6225652380       -1.6580924378
      240.4000000000       -1.9951725757       -1.8054914749
      241.1000000000       -3.4404170509       -1.9552020475
      241.8000000000       -4.9487912897       -2.1074109063
      242.5000000000       -6.5102421843       -2.2618455700
      243.2000000000       -8.1142310938       -2.4177362974
      243.9000000000       -9.7498004664       -2.5737972105
      244.6000000000      -11.4056467811       -2.7282277137
      245.3000000000      -13.0701995474       -2.8787345748
      246.0000000000      -14.7317059327       -3.0225742365
      246.7000000000      -16.3783204162       -3.1566141649
      247.4000000000      -17.9981987063       -3.2774113270
      248.1000000000      -19.5795950013       -3.3813052675
      248.8000000000      -21.1109615395       -3.4645227410
      249.5000000000      -22.5810492647       -3.5232904650
      250.2000000000      -23.9790083419       -3.5539523067
      250.9000000000      -25.2944871960       -3.5530871003
      251.6000000000      -26.5177287061       -3.5176233136
      252.3000000000      -27.6396621900       -3.4449469330
      253.0000000000      -28.6519898351       -3.3329992061
      253.7000000000      -29.5472662910       -3.1803612490
      254.4000000000      -30.3189702249       -2.9863229840
      255.1000000000      -30.9615667498       -2.7509343928
      255.8000000000      -31.4705597722       -2.4750376349
      256.5000000000      -31.8425334605       -2.1602791729
      257.2000000000      -32.0751822030       -1.8091016384
      257.9000000000      -32.1673286094       -1.4247157560
      258.6000000000      -32.1189292979       -1.0110531907
      259.3000000000      -31.9310684008       -0.5727016887
      260.0000000000      -31.6059389167       -0.1148243309
      260.7000000000      -31.1468122199        0.3569349062
      261.4000000000      -30.5579962178        0.8365567784
      262.1000000000      -29.8447828119        1.3177608660
      262.8000000000      -29.0133854661        1.7941252593
      263.5000000000      -28.0708678225        2.2592089050
      264.2000000000      -27.0250644130        2.7066736986
      264.9000000000      -25.8844946119        3.1304034969
      265.6000000000      -24.6582710398        3.5246173861
      266.3000000000      -23.3560036793        3.8839747593
      267.0000000000      -21.9877009879        4.2036700304
      267.7000000000      -20.5636692954        4.4795151281
      268.4000000000      -19.0944117561        4.7080082578
      269.1000000000      -17.5905280896        4.8863877944
      269.8000000000      -16.0626162869        5.0126705491
      270.5000000000      -14.5211773893        5.0856740389
      271.2000000000      -12.9765243607        5.1050227672
      271.9000000000      -11.4386959777        5.0711388828
      272.6000000000       -9.9173765550        4.9852179245
      273.3000000000       -8.4218222095        4.8491906634
      274.0000000000       -6.9607942506        4.6656723228
      274.7000000000       -5.5425001580        4.4379006843
      275.4000000000       -4.1745424933        4.1696647653
      276.1000000000       -2.8638759666        3.8652258919
      276.8000000000       -1.6167727665        3.5292330681
      277.5000000000       -0.4387961491        3.1666345840
      278.2000000000        0.6652178228        2.7825877912
      278.9000000000        1.6911705958        2.3823689186
      279.6000000000        2.6357037894        1.9712847084
      280.3000000000        3.4961945804        1.5545875177
      281.0000000000        4.2707442476        1.1373953718
      281.7000000000        4.9581603736        0.7246182664
      282.4000000000        5.5579332511        0.3208918119
      283.1000000000        6.0702070736       -0.0694809063
      283.8000000000        6.4957465199       -0.4425786033
      284.5000000000        6.8358993565       -0.7949017804
      285.2000000000        7.0925556906       -1.1234032198
      285.9000000000        7.2681045021       -1.4255089945
      286.6000000000        7.3653880763       -1.6991301976
      287.3000000000        7.3876549381       -1.9426657713
      288.0000000000        7.3385118691       -2.1549969755
      288.7000000000        7.2218755535       -2.3354741658
      289.4000000000        7.0419243719       -2.4838966608
      290.1000000000        6.8030508168       -2.6004865624
      290.8000000000        6.5098149670       -2.6858574477
      291.5000000000        6.1668994134       -2.7409788842
      292.2000000000        5.7790659821       -2.7671377320
      292.9000000000        5.3511145581       -2.7658971775
      293.6000000000        4.8878442649       -2.7390544181
      294.3000000000        4.3940172101       -2.6885978604
      295.0000000000        3.8743249655       -2.6166646380
      295.7000000000        3.3333579044       -2.5254991718
      296.4000000000        2.7755774821       -2.4174134183
      297.1000000000        2.2052915046       -2.2947493567
      297.8000000000        1.6266323962       -2.1598441736
      298.5000000000        1.0435384466       -2.0149985111
      299.2000000000        0.4597379840       -1.8624480479
      299.9000000000       -0.1212636011       -1.7043385990
      300.6000000000       -0.6961940817       -1.5427048284
      301.3000000000       -1.2620219908       -1.3794525977
      302.0000000000       -1.8159617241       -1.2163449004
      302.7000000000       -2.3554763000       -1.0549912685
      303.4000000000       -2.8782779391       -0.8968404881
      304.1000000000       -3.3823266314       -0.7431764137
      304.8000000000       -3.8658268663       -0.5951166376
      305.5000000000       -4.3272227050       -0.4536137437
      306.2000000000       -4.7651913713       -0.3194588566
      306.9000000000       -5.1786355413       -0.1932871877
      307.6000000000       -5.5666745039       -0.0755852755
      308.3000000000       -5.9286343645        0.0333003779
      309.0000000000       -6.2640374538        0.1331535660
      309.7000000000       -6.5725911005        0.2238778084
      310.4000000000       -6.8541759147        0.3054852129
      311.1000000000       -7.1088337239        0.3780850103
      311.8000000000       -7.3367552906        0.4418719777
      312.5000000000       -7.5382679322        0.4971149454
      313.2000000000       -7.7138231544        0.5441455565
      313.9000000000       -7.8639843970        0.5833474241
      314.6000000000       -7.9894149820        0.6151458055
      315.3000000000       -8.0908663449        0.6399978921
      316.0000000000       -8.1691666157        0.6583837875
      316.7000000000       -8.2252096132        0.6707982289
      317.4000000000       -8.2599442994        0.6777430862
      318.1000000000       -8.2743647382        0.6797206548
      318.8000000000       -8.2695005910        0.6772277456
      319.5000000000       -8.2464081732        0.6707505594
      320.2000000000       -8.2061620921        0.6607603240
      320.9000000000       -8.1498474749        0.6477096603
      321.6000000000       -8.0785527940        0.6320296388
      322.3000000000       -7.9933632880        0.6141274798
      323.0000000000       -7.8953549736        0.5943848484
      323.7000000000       -7.7855892376        0.5731566896
      324.4000000000       -7.6651079967        0.5507705516
      325.1000000000       -7.5349294064        0.5275263408
      325.8000000000       -7.3960441009        0.5036964559
      326.5000000000       -7.2494119389        0.4795262475
      327.2000000000       -7.0959592346        0.4552347540
      327.9000000000       -6.9365764453        0.4310156656
      328.6000000000       -6.7721162899        0.4070384727
      329.3000000000       -6.6033922709        0.3834497566
      330.0000000000       -6.4311775715        0.3603745863
      330.7000000000       -6.2562042997        0.3379179876
      331.4000000000       -6.0791630514        0.3161664542
      332.1000000000       -5.9007027656        0.2951894745
      332.8000000000       -5.7214308424        0.2750410522
      333.5000000000       -5.5419135004        0.2557612003
      334.2000000000       -5.3626763460        0.2373773943
      334.9000000000       -5.1842051303        0.2199059686
      335.6000000000       -5.0069466709        0.2033534489
      336.3000000000       -4.8313099159        0.1877178102
      337.0000000000       -4.6576671295        0.1729896569
      337.7000000000       -4.4863551787        0.1591533187
      338.4000000000       -4.3176769037        0.1461878636
      339.1000000000       -4.1519025540        0.1340680244
      339.8000000000       -3.9892712752        0.1227650419
      340.5000000000       -3.8299926314        0.1122474256
      341.2000000000       -3.6742481498        0.1024816343
      341.9000000000       -3.5221928763        0.0934326810
      342.6000000000       -3.3739569306        0.0850646657
      343.3000000000       -3.2296470511        0.0773412395
      344.0000000000       -3.0893481210        0.0702260066
      344.7000000000       -2.9531246692        0.0636828663
      345.4000000000       -2.8210223369        0.0576763027
      346.1000000000       -2.6930693070        0.0521716240
      346.8000000000       -2.5692776901        0.0471351581
      347.5000000000       -2.4496448623        0.0425344086
      348.2000000000       -2.3341547544        0.0383381745
      348.9000000000       -2.2227790859        0.0345166387
      349.6000000000       -2.1154785462        0.0310414294
      350.3000000000       -2.0122039181        0.0278856569
      351.0000000000       -1.9128971445        0.0250239299
      351.7000000000       -1.8174923381        0.0224323544
      352.4000000000       -1.7259167333        0.0200885175
      353.1000000000       -1.6380915809        0.0179714590
      353.8000000000       -1.5539329867        0.0160616331
      354.5000000000       -1.4733526954        0.0143408619
      355.2000000000       -1.3962588190        0.0127922829
      355.9000000000       -1.3225565146        0.0114002916
      356.6000000000       -1.2521486096        0.0101504813
      357.3000000000       -1.1849361788        0.0090295801
      358.0000000000       -1.1208190738        0.0080253877
      358.7000000000       -1.0596964075        0.0071267112
      359.4000000000       -1.0014669952        0.0063233022
      360.1000000000       -0.9460297544        0.0056057945
      360.8000000000       -0.8932840659        0.0049656432
      361.5000000000       -0.8431300979        0.0043950668
      362.2000000000       -0.7954690955        0.0038869903
      362.9000000000       -0.7502036369        0.0034349915
      363.6000000000       -0.7072378597        0.0030332503
      364.3000000000       -0.6664776581        0.0026764996
      365.0000000000       -0.6278308534        0.0023599800
      365.7000000000       -0.5912073400        0.0020793971
      366.4000000000       -0.5565192081        0.0018308812
      367.1000000000       -0.5236808457        0.0016109500
      367.8000000000       -0.4926090202        0.0014164737
      368.5000000000       -0.4632229430        0.0012446432
      369.2000000000       -0.4354443175        0.0010929401
      369.9000000000       -0.4091973719        0.0009591093
      370.6000000000       -0.3844088791        0.0008411340
      371.3000000000       -0.3610081634        0.0007372121
      372.0000000000       -0.3389270977        0.0006457359
      372.7000000000       -0.3181000895        0.0005652717
      373.4000000000       -0.2984640589        0.0004945431
      374.1000000000       -0.2799584090        0.0004324145
      374.8000000000       -0.2625249891        0.0003778767
      375.5000000000       -0.2461080522        0.0003300336
      376.2000000000       -0.2306542076        0.0002880904
      376.9000000000       -0.2161123688        0.0002513428
      377.6000000000       -0.2024336981        0.0002191670
      378.3000000000       -0.1895715479        0.0001910113
      379.0000000000       -0.1774813999        0.0001663882
      379.7000000000       -0.1661208020        0.0001448670
      380.4000000000       -0.1554493038        0.0001260677
      381.1000000000       -0.1454283917        0.0001096553
      381.8000000000       -0.1360214223        0.0000953346
      382.5000000000       -0.1271935568        0.0000828458
      383.2000000000       -0.1189116942        0.0000719604
      383.9000000000       -0.1111444059        0.0000624773
      384.6000000000       -0.1038618701        0.0000542203
      385.3000000000       -0.0970358071        0.0000470343
      386.0000000000       -0.0906394164        0.0000407835
      386.7000000000       -0.0846473138        0.0000353489
      387.4000000000       -0.0790354700        0.0000306260
      388.1000000000       -0.0737811516        0.0000265236
      388.8000000000       -0.0688628624        0.0000229617
      389.5000000000       -0.0642602865        0.0000198706
      390.2000000000       -0.0599542338        0.0000171892
      390.9000000000       -0.0559265863        0.0000148641
      391.6000000000       -0.0521602463        0.0000128489
      392.3000000000       -0.0486390870        0.0000111030
      393.0000000000       -0.0453479041        0.0000095910
      393.7000000000       -0.0422723692        0.0000082821
      394.4000000000       -0.0393989856        0.0000071495
      395.1000000000       -0.0367150452        0.0000061697
      395.8000000000       -0.0342085873        0.0000053225
      396.5000000000       -0.0318683595        0.0000045902
      397.2000000000       -0.0296837795        0.0000039574
      397.9000000000       -0.0276448993        0.0000034109
      398.6000000000       -0.0257423705        0.0000029389
      399.3000000000       -0.0239674117        0.0000025316
      400.0000000000       -0.0223117765        0.0000021801
