# ECD Spectrum
# X-Axis:  Wavelength (nm)
# Y-Axis:  &Delta;&epsilon; (10-40 esu2 cm2)
# Y-Axis2: Rvel

# Peak information
#                  X                   Y                  Y2
#     309.3300000000      -62.9333000000     -565.6869678645
#     288.0700000000       50.8643000000      490.9448961954
#     281.1400000000      -54.6517000000     -540.5037921155
#     272.8600000000       79.5874000000      811.0024243487
#     264.0800000000       21.9574000000      231.1868418386
#     263.3700000000     -100.8950000000    -1065.1752112592
#     258.6000000000       -6.1855000000      -66.5064858641
#     254.4600000000       21.5646000000      235.6348889532
#     245.0100000000       -2.8962000000      -32.8671804309
#     244.0800000000      -12.8900000000     -146.8379906007
#     241.1700000000       -6.9127000000      -79.6970298302
#     237.8300000000      -12.2516000000     -143.2332622287
#     230.5300000000      -65.5944000000     -791.1467050179
#     229.0700000000        7.3532000000       89.2536268350
#     227.9400000000       27.2978000000      332.9851099614
#     225.5200000000      -10.5600000000     -130.1956773553
#     223.0900000000      -84.8910000000    -1058.0331036904
#     221.7600000000       71.3594000000      894.7169952780
#     220.0500000000       61.8519000000      781.5367098281
#     219.3300000000        6.0090000000       76.1766509755
#     217.8900000000      -65.7271000000     -838.7352235026
#     216.8000000000       36.3735000000      466.4912743809
#     213.9100000000       61.0474000000      793.5125402094
#     213.1700000000        1.2862000000       16.7764524446
#     212.4300000000      -52.3334000000     -684.9846066374
#     208.9800000000      -25.6074000000     -340.7049714137
#     207.3800000000       38.7676000000      519.7802285408
#     202.9900000000      -14.4564000000     -198.0173402834
#     196.7900000000       45.1298000000      637.6437294508
#     196.0000000000       -5.0270000000      -71.3132983887

# Spectra
#                  X                   Y               DY/DX
       50.0000000000        0.0000000000        0.0000000000
       50.8000000000        0.0000000000        0.0000000000
       51.6000000000        0.0000000000        0.0000000000
       52.4000000000        0.0000000000        0.0000000000
       53.2000000000        0.0000000000        0.0000000000
       54.0000000000        0.0000000000        0.0000000000
       54.8000000000        0.0000000000        0.0000000000
       55.6000000000        0.0000000000        0.0000000000
       56.4000000000        0.0000000000        0.0000000000
       57.2000000000        0.0000000000        0.0000000000
       58.0000000000        0.0000000000        0.0000000000
       58.8000000000        0.0000000000        0.0000000000
       59.6000000000        0.0000000000        0.0000000000
       60.4000000000        0.0000000000        0.0000000000
       61.2000000000        0.0000000000        0.0000000000
       62.0000000000        0.0000000000        0.0000000000
       62.8000000000        0.0000000000        0.0000000000
       63.6000000000        0.0000000000        0.0000000000
       64.4000000000        0.0000000000        0.0000000000
       65.2000000000        0.0000000000        0.0000000000
       66.0000000000        0.0000000000        0.0000000000
       66.8000000000        0.0000000000        0.0000000000
       67.6000000000        0.0000000000        0.0000000000
       68.4000000000        0.0000000000        0.0000000000
       69.2000000000        0.0000000000        0.0000000000
       70.0000000000        0.0000000000        0.0000000000
       70.8000000000        0.0000000000        0.0000000000
       71.6000000000        0.0000000000        0.0000000000
       72.4000000000       -0.0000000000        0.0000000000
       73.2000000000       -0.0000000000        0.0000000000
       74.0000000000       -0.0000000000        0.0000000000
       74.8000000000       -0.0000000000        0.0000000000
       75.6000000000       -0.0000000000        0.0000000000
       76.4000000000       -0.0000000000        0.0000000000
       77.2000000000       -0.0000000000        0.0000000000
       78.0000000000       -0.0000000000        0.0000000000
       78.8000000000       -0.0000000000        0.0000000000
       79.6000000000       -0.0000000000        0.0000000000
       80.4000000000       -0.0000000000        0.0000000000
       81.2000000000       -0.0000000000        0.0000000000
       82.0000000000       -0.0000000000        0.0000000000
       82.8000000000       -0.0000000000        0.0000000000
       83.6000000000       -0.0000000000        0.0000000000
       84.4000000000       -0.0000000000        0.0000000000
       85.2000000000       -0.0000000000        0.0000000000
       86.0000000000       -0.0000000000        0.0000000000
       86.8000000000       -0.0000000000        0.0000000000
       87.6000000000       -0.0000000000        0.0000000000
       88.4000000000       -0.0000000000        0.0000000000
       89.2000000000       -0.0000000000        0.0000000000
       90.0000000000       -0.0000000000       -0.0000000000
       90.8000000000       -0.0000000000       -0.0000000000
       91.6000000000       -0.0000000000       -0.0000000000
       92.4000000000       -0.0000000000       -0.0000000000
       93.2000000000       -0.0000000000       -0.0000000000
       94.0000000000        0.0000000000       -0.0000000000
       94.8000000000        0.0000000000       -0.0000000000
       95.6000000000        0.0000000000       -0.0000000000
       96.4000000000        0.0000000000       -0.0000000000
       97.2000000000        0.0000000000       -0.0000000000
       98.0000000000        0.0000000000       -0.0000000000
       98.8000000000        0.0000000000       -0.0000000000
       99.6000000000        0.0000000000       -0.0000000000
      100.4000000000        0.0000000000       -0.0000000000
      101.2000000000        0.0000000000       -0.0000000000
      102.0000000000        0.0000000000       -0.0000000000
      102.8000000000        0.0000000000       -0.0000000000
      103.6000000000        0.0000000000       -0.0000000000
      104.4000000000        0.0000000000       -0.0000000000
      105.2000000000        0.0000000000       -0.0000000000
      106.0000000000        0.0000000000       -0.0000000000
      106.8000000000        0.0000000000       -0.0000000000
      107.6000000000        0.0000000000       -0.0000000000
      108.4000000000        0.0000000000       -0.0000000000
      109.2000000000        0.0000000000       -0.0000000000
      110.0000000000        0.0000000000       -0.0000000000
      110.8000000000        0.0000000000       -0.0000000000
      111.6000000000        0.0000000000       -0.0000000000
      112.4000000000        0.0000000000       -0.0000000000
      113.2000000000        0.0000000000       -0.0000000000
      114.0000000000        0.0000000000       -0.0000000000
      114.8000000000        0.0000000000       -0.0000000000
      115.6000000000        0.0000000000       -0.0000000000
      116.4000000000        0.0000000000       -0.0000000000
      117.2000000000        0.0000000000       -0.0000000000
      118.0000000000        0.0000000000       -0.0000000000
      118.8000000000        0.0000000000       -0.0000000000
      119.6000000000        0.0000000000       -0.0000000000
      120.4000000000        0.0000000000       -0.0000000000
      121.2000000000        0.0000000000       -0.0000000000
      122.0000000000        0.0000000000       -0.0000000000
      122.8000000000        0.0000000000       -0.0000000000
      123.6000000000        0.0000000000       -0.0000000000
      124.4000000000        0.0000000000       -0.0000000000
      125.2000000000        0.0000000000       -0.0000000000
      126.0000000000        0.0000000000       -0.0000000000
      126.8000000000        0.0000000000       -0.0000000000
      127.6000000000        0.0000000000       -0.0000000000
      128.4000000000        0.0000000000       -0.0000000000
      129.2000000000        0.0000000000        0.0000000000
      130.0000000000        0.0000000000        0.0000000000
      130.8000000000        0.0000000000        0.0000000000
      131.6000000000        0.0000000000        0.0000000000
      132.4000000000        0.0000000000        0.0000000000
      133.2000000000        0.0000000000        0.0000000000
      134.0000000000        0.0000000000        0.0000000000
      134.8000000000        0.0000000000        0.0000000000
      135.6000000000        0.0000000000        0.0000000000
      136.4000000000        0.0000000000        0.0000000000
      137.2000000000        0.0000000000        0.0000000000
      138.0000000000        0.0000000000        0.0000000000
      138.8000000000        0.0000000000        0.0000000000
      139.6000000000        0.0000000000        0.0000000000
      140.4000000000        0.0000000000        0.0000000000
      141.2000000000        0.0000000000        0.0000000000
      142.0000000000        0.0000000000        0.0000000000
      142.8000000000        0.0000000000        0.0000000000
      143.6000000000        0.0000000000        0.0000000000
      144.4000000000        0.0000000000        0.0000000000
      145.2000000000        0.0000000000        0.0000000000
      146.0000000000        0.0000000000        0.0000000000
      146.8000000000        0.0000000000        0.0000000000
      147.6000000000        0.0000000000        0.0000000000
      148.4000000000        0.0000000000        0.0000000000
      149.2000000000        0.0000000001        0.0000000000
      150.0000000000        0.0000000005        0.0000000000
      150.8000000000        0.0000000013        0.0000000000
      151.6000000000        0.0000000037        0.0000000000
      152.4000000000        0.0000000100        0.0000000000
      153.2000000000        0.0000000264        0.0000000000
      154.0000000000        0.0000000672        0.0000000000
      154.8000000000        0.0000001657        0.0000000000
      155.6000000000        0.0000003962        0.0000000000
      156.4000000000        0.0000009195        0.0000000000
      157.2000000000        0.0000020728        0.0000000000
      158.0000000000        0.0000045420        0.0000000000
      158.8000000000        0.0000096815        0.0000000000
      159.6000000000        0.0000200886        0.0000000000
      160.4000000000        0.0000406034        0.0000000001
      161.2000000000        0.0000799965        0.0000000003
      162.0000000000        0.0001537299        0.0000000010
      162.8000000000        0.0002883360        0.0000000035
      163.6000000000        0.0005281517        0.0000000118
      164.4000000000        0.0009453597        0.0000000384
      165.2000000000        0.0016544972        0.0000001188
      166.0000000000        0.0028327648        0.0000003513
      166.8000000000        0.0047475429        0.0000009928
      167.6000000000        0.0077924315        0.0000026852
      168.4000000000        0.0125328081        0.0000069560
      169.2000000000        0.0197612578        0.0000172780
      170.0000000000        0.0305622430        0.0000411905
      170.8000000000        0.0463840102        0.0000943380
      171.6000000000        0.0691140449        0.0002077586
      172.4000000000        0.1011524770        0.0004403504
      173.2000000000        0.1454759140        0.0008990314
      174.0000000000        0.2056824833        0.0017694721
      174.8000000000        0.2860077132        0.0033600502
      175.6000000000        0.3913005862        0.0061603711
      176.4000000000        0.5269499398        0.0109128374
      177.2000000000        0.6987535620        0.0186910198
      178.0000000000        0.9127258819        0.0309721345
      178.8000000000        1.1748449652        0.0496835926
      179.6000000000        1.4907452799        0.0771970746
      180.4000000000        1.8653688992        0.1162403260
      181.2000000000        2.3025938281        0.1696996394
      182.0000000000        2.8048632708        0.2402970511
      182.8000000000        3.3728432166        0.3301464466
      183.6000000000        4.0051371181        0.4402204860
      184.4000000000        4.6980852974        0.5697911802
      185.2000000000        5.4456728923        0.7159342863
      186.0000000000        6.2395638197        0.8732034875
      186.8000000000        7.0692698238        1.0335774420
      187.6000000000        7.9224538836        1.1867571926
      188.4000000000        8.7853569509        1.3208439872
      189.2000000000        9.6433271050        1.4233648166
      190.0000000000       10.4814216760        1.4825463001
      190.8000000000       11.2850464836        1.4886809280
      191.6000000000       12.0405926534        1.4353963233
      192.4000000000       12.7360308299        1.3206372579
      193.2000000000       13.3614250301        1.1472040438
      194.0000000000       13.9093336418        0.9227544087
      194.8000000000       14.3750726681        0.6592571787
      195.6000000000       14.7568256001        0.3719692242
      196.4000000000       15.0555944812        0.0780761220
      197.2000000000       15.2749970120       -0.2048207657
      198.0000000000       15.4209241711       -0.4601790638
      198.8000000000       15.5010811318       -0.6737836581
      199.6000000000       15.5244407394       -0.8346885415
      200.4000000000       15.5006431249       -0.9357740099
      201.2000000000       15.4393770386       -0.9739227975
      202.0000000000       15.3497781889       -0.9498691462
      202.8000000000       15.2398774651       -0.8678061545
      203.6000000000       15.1161276982       -0.7348464934
      204.4000000000       14.9830319623       -0.5604220105
      205.2000000000       14.8428897920       -0.3556848230
      206.0000000000       14.6956705476       -0.1329439927
      206.8000000000       14.5390159493        0.0948546707
      207.6000000000       14.3683669421        0.3146169285
      208.4000000000       14.1772038921        0.5135758523
      209.2000000000       13.9573839394        0.6797715111
      210.0000000000       13.6995553387        0.8025399789
      210.8000000000       13.3936259224        0.8730014924
      211.6000000000       13.0292614653        0.8845221172
      212.4000000000       12.5963896671        0.8331118348
      213.2000000000       12.0856866038        0.7177171942
      214.0000000000       11.4890246687        0.5403696634
      214.8000000000       10.7998640414        0.3061610062
      215.6000000000       10.0135733597        0.0230325777
      216.4000000000        9.1276692979       -0.2986162411
      217.2000000000        8.1419689498       -0.6464770206
      218.0000000000        7.0586530517       -1.0069996771
      218.8000000000        5.8822419786       -1.3661283704
      219.6000000000        4.6194899356       -1.7100508104
      220.4000000000        3.2792057338       -2.0259066311
      221.2000000000        1.8720108845       -2.3024066202
      222.0000000000        0.4100474377       -2.5303249096
      222.8000000000       -1.0933509927       -2.7028392280
      223.6000000000       -2.6240112031       -2.8157083513
      224.4000000000       -4.1672817893       -2.8672894447
      225.2000000000       -5.7083911137       -2.8584098149
      226.0000000000       -7.2327902056       -2.7921167894
      226.8000000000       -8.7264704720       -2.6733355222
      227.6000000000      -10.1762478635       -2.5084673876
      228.4000000000      -11.5700070438       -2.3049614674
      229.2000000000      -12.8969010592       -2.0708889367
      230.0000000000      -14.1475039245       -1.8145455190
      230.8000000000      -15.3139153455       -1.5441013014
      231.6000000000      -16.3898184505       -1.2673107566
      232.4000000000      -17.3704928399       -0.9912894288
      233.2000000000      -18.2527864751       -0.7223579170
      234.0000000000      -19.0350508829       -0.4659489083
      234.8000000000      -19.7170448598       -0.2265693204
      235.6000000000      -20.2998123168       -0.0078072163
      236.4000000000      -20.7855401320        0.1876279687
      237.2000000000      -21.1774018922        0.3578433027
      238.0000000000      -21.4793932304        0.5016887292
      238.8000000000      -21.6961641363        0.6186805864
      239.6000000000      -21.8328531564        0.7089287057
      240.4000000000      -21.8949278417        0.7730711180
      241.2000000000      -21.8880351746        0.8122180344
      242.0000000000      -21.8178650315        0.8279046816
      242.8000000000      -21.6900290577        0.8220509015
      243.6000000000      -21.5099566404        0.7969242987
      244.4000000000      -21.2828090142        0.7551031684
      245.2000000000      -21.0134119130        0.6994354607
      246.0000000000      -20.7062066195        0.6329905775
      246.8000000000      -20.3652187640        0.5590017488
      247.6000000000      -19.9940437956        0.4807979714
      248.4000000000      -19.5958476933        0.4017258726
      249.2000000000      -19.1733812096        0.3250632349
      250.0000000000      -18.7290057353        0.2539271498
      250.8000000000      -18.2647287483        0.1911807510
      251.6000000000      -17.7822467488        0.1393431163
      252.4000000000      -17.2829935892        0.1005071841
      253.2000000000      -16.7681921675        0.0762703764
      254.0000000000      -16.2389075642        0.0676820934
      254.8000000000      -15.6960998516        0.0752113824
      255.6000000000      -15.1406749907        0.0987369664
      256.4000000000      -14.5735324369        0.1375605471
      257.2000000000      -13.9956082998        0.1904429534
      258.0000000000      -13.4079131332        0.2556614167
      258.8000000000      -12.8115636665        0.3310850842
      259.6000000000      -12.2078080139        0.4142649257
      260.4000000000      -11.5980441165        0.5025335030
      261.2000000000      -10.9838313728        0.5931096733
      262.0000000000      -10.3668955962        0.6832032266
      262.8000000000       -9.7491275981        0.7701146720
      263.6000000000       -9.1325758321        0.8513258797
      264.4000000000       -8.5194336466        0.9245779920
      265.2000000000       -7.9120217820        0.9879338882
      266.0000000000       -7.3127668085        1.0398234512
      266.8000000000       -6.7241762431        1.0790708814
      267.6000000000       -6.1488111003        1.1049042639
      268.4000000000       -5.5892566312        1.1169484688
      269.2000000000       -5.0480919833        1.1152032070
      270.0000000000       -4.5278594839        1.1000086382
      270.8000000000       -4.0310341987        1.0720013240
      271.6000000000       -3.5599943649        1.0320635224
      272.4000000000       -3.1169932317        0.9812688437
      273.2000000000       -2.7041327730        0.9208271481
      274.0000000000       -2.3233396681        0.8520312838
      274.8000000000       -1.9763438675        0.7762078755
      275.6000000000       -1.6646599974        0.6946739144
      276.4000000000       -1.3895717788        0.6087003916
      277.2000000000       -1.1521195774        0.5194837131
      278.0000000000       -0.9530911350        0.4281251412
      278.8000000000       -0.7930154780        0.3356180679
      279.6000000000       -0.6721599477        0.2428425465
      280.4000000000       -0.5905302515        0.1505662105
      281.2000000000       -0.5478733960        0.0594504888
      282.0000000000       -0.5436833293       -0.0299390994
      282.8000000000       -0.5772090937       -0.1171198392
      283.6000000000       -0.6474652679       -0.2016771483
      284.4000000000       -0.7532444631       -0.2832494951
      285.2000000000       -0.8931316239       -0.3615139269
      286.0000000000       -1.0655198836       -0.4361730559
      286.8000000000       -1.2686277138       -0.5069441555
      287.6000000000       -1.5005171180       -0.5735508141
      288.4000000000       -1.7591126162       -0.6357173935
      289.2000000000       -2.0422207805       -0.6931663494
      290.0000000000       -2.3475500880       -0.7456183034
      290.8000000000       -2.6727308712       -0.7927946134
      291.6000000000       -3.0153351596       -0.8344220779
      292.4000000000       -3.3728962187       -0.8702393296
      293.2000000000       -3.7429276129       -0.9000044232
      294.0000000000       -4.1229416306       -0.9235031074
      294.8000000000       -4.5104669295       -0.9405572722
      295.6000000000       -4.9030652786       -0.9510331015
      296.4000000000       -5.2983472859       -0.9548485042
      297.2000000000       -5.6939870245       -0.9519794643
      298.0000000000       -6.0877354797       -0.9424650238
      298.8000000000       -6.4774327628       -0.9264106898
      299.6000000000       -6.8610190470       -0.9039901372
      300.4000000000       -7.2365442009       -0.8754451566
      301.2000000000       -7.6021761053       -0.8410838674
      302.0000000000       -7.9562076556       -0.8012772824
      302.8000000000       -8.2970624618       -0.7564543633
      303.6000000000       -8.6232992730       -0.7070957505
      304.4000000000       -8.9336151589       -0.6537263880
      305.2000000000       -9.2268474955       -0.5969072808
      306.0000000000       -9.5019748065       -0.5372266394
      306.8000000000       -9.7581165203       -0.4752906656
      307.6000000000       -9.9945317105       -0.4117142270
      308.4000000000      -10.2106168885       -0.3471116568
      309.2000000000      -10.4059029267       -0.2820878901
      310.0000000000      -10.5800511868       -0.2172301281
      310.8000000000      -10.7328489374       -0.1531001906
      311.6000000000      -10.8642041390       -0.0902276862
      312.4000000000      -10.9741396801       -0.0291041002
      313.2000000000      -11.0627871438        0.0298221317
      314.0000000000      -11.1303801862        0.0861495279
      314.8000000000      -11.1772476028        0.1395264311
      315.6000000000      -11.2038061583        0.1896528628
      316.4000000000      -11.2105532526        0.2362813989
      317.2000000000      -11.1980594897        0.2792171243
      318.0000000000      -11.1669612148        0.3183167404
      318.8000000000      -11.1179530791        0.3534869119
      319.6000000000      -11.0517806873        0.3846819451
      320.4000000000      -10.9692333798        0.4119009015
      321.2000000000      -10.8711371927        0.4351842459
      322.0000000000      -10.7583480388        0.4546101344
      322.8000000000      -10.6317451442        0.4702904401
      323.6000000000      -10.4922247712        0.4823666129
      324.4000000000      -10.3406942547        0.4910054616
      325.2000000000      -10.1780663723        0.4963949405
      326.0000000000      -10.0052540660        0.4987400110
      326.8000000000       -9.8231655278        0.4982586445
      327.6000000000       -9.6326996579        0.4951780168
      328.4000000000       -9.4347419010        0.4897309411
      329.2000000000       -9.2301604610        0.4821525724
      330.0000000000       -9.0198028935        0.4726774094
      330.8000000000       -8.8044930704        0.4615366107
      331.6000000000       -8.5850285099        0.4489556355
      332.4000000000       -8.3621780618        0.4351522093
      333.2000000000       -8.1366799364        0.4203346120
      334.0000000000       -7.9092400640        0.4047002785
      334.8000000000       -7.6805307686        0.3884346976
      335.6000000000       -7.4511897418        0.3717105922
      336.4000000000       -7.2218192974        0.3546873606
      337.2000000000       -6.9929858907        0.3375107552
      338.0000000000       -6.7652198823        0.3203127774
      338.8000000000       -6.5390155299        0.3032117615
      339.6000000000       -6.3148311871        0.2863126250
      340.4000000000       -6.0930896918        0.2697072604
      341.2000000000       -5.8741789259        0.2534750451
      342.0000000000       -5.6584525263        0.2376834473
      342.8000000000       -5.4462307328        0.2223887061
      343.6000000000       -5.2378013521        0.2076365683
      344.4000000000       -5.0334208243        0.1934630613
      345.2000000000       -4.8333153753        0.1798952898
      346.0000000000       -4.6376822402        0.1669522384
      346.8000000000       -4.4466909431        0.1546455709
      347.6000000000       -4.2604846221        0.1429804142
      348.4000000000       -4.0791813851        0.1319561182
      349.2000000000       -3.9028756863        0.1215669853
      350.0000000000       -3.7316397135        0.1118029622
      350.8000000000       -3.5655247752        0.1026502920
      351.6000000000       -3.4045626800        0.0940921210
      352.4000000000       -3.2487671013        0.0861090603
      353.2000000000       -3.0981349184        0.0786797000
      354.0000000000       -2.9526475296        0.0717810764
      354.8000000000       -2.8122721324        0.0653890926
      355.6000000000       -2.6769629639        0.0594788942
      356.4000000000       -2.5466625010        0.0540252002
      357.2000000000       -2.4213026138        0.0490025940
      358.0000000000       -2.3008056724        0.0443857737
      358.8000000000       -2.1850856038        0.0401497664
      359.6000000000       -2.0740488973        0.0362701087
      360.4000000000       -1.9675955581        0.0327229955
      361.2000000000       -1.8656200084        0.0294854008
      362.0000000000       -1.7680119357        0.0265351731
      362.8000000000       -1.6746570882        0.0238511070
      363.6000000000       -1.5854380190        0.0214129952
      364.4000000000       -1.5002347784        0.0192016626
      365.2000000000       -1.4189255565        0.0171989841
      366.0000000000       -1.3413872771        0.0153878901
      366.8000000000       -1.2674961439        0.0137523591
      367.6000000000       -1.1971281414        0.0122774025
      368.4000000000       -1.1301594912        0.0109490398
      369.2000000000       -1.0664670666        0.0097542688
      370.0000000000       -1.0059287668        0.0086810295
      370.8000000000       -0.9484238523        0.0077181652
      371.6000000000       -0.8938332448        0.0068553803
      372.4000000000       -0.8420397915        0.0060831960
      373.2000000000       -0.7929284982        0.0053929054
      374.0000000000       -0.7463867314        0.0047765281
      374.8000000000       -0.7023043915        0.0042267646
      375.6000000000       -0.6605740604        0.0037369514
      376.4000000000       -0.6210911240        0.0033010177
      377.2000000000       -0.5837538712        0.0029134425
      378.0000000000       -0.5484635733        0.0025692142
      378.8000000000       -0.5151245426        0.0022637911
      379.6000000000       -0.4836441736        0.0019930645
      380.4000000000       -0.4539329690        0.0017533232
      381.2000000000       -0.4259045495        0.0015412204
      382.0000000000       -0.3994756512        0.0013537427
      382.8000000000       -0.3745661110        0.0011881803
      383.6000000000       -0.3510988413        0.0010421006
      384.4000000000       -0.3289997947        0.0009133224
      385.2000000000       -0.3081979210        0.0007998925
      386.0000000000       -0.2886251168        0.0007000647
      386.8000000000       -0.2702161679        0.0006122791
      387.6000000000       -0.2529086873        0.0005351445
      388.4000000000       -0.2366430482        0.0004674215
      389.2000000000       -0.2213623126        0.0004080071
      390.0000000000       -0.2070121575        0.0003559209
      390.8000000000       -0.1935407982        0.0003102926
      391.6000000000       -0.1808989100        0.0002703502
      392.4000000000       -0.1690395477        0.0002354097
      393.2000000000       -0.1579180653        0.0002048657
      394.0000000000       -0.1474920346        0.0001781832
      394.8000000000       -0.1377211641        0.0001548893
      395.6000000000       -0.1285672175        0.0001345669
      396.4000000000       -0.1199939336        0.0001168481
      397.2000000000       -0.1119669471        0.0001014090
      398.0000000000       -0.1044537096        0.0000879644
      398.8000000000       -0.0974234131        0.0000762638
      399.6000000000       -0.0908469142        0.0000660867
      400.4000000000       -0.0846966602        0.0000572400
      401.2000000000       -0.0789466176        0.0000495539
      402.0000000000       -0.0735722013        0.0000428800
      402.8000000000       -0.0685502069        0.0000370879
      403.6000000000       -0.0638587447        0.0000320639
      404.4000000000       -0.0594771755        0.0000277084
      405.2000000000       -0.0553860490        0.0000239342
      406.0000000000       -0.0515670444        0.0000206654
      406.8000000000       -0.0480029124        0.0000178358
      407.6000000000       -0.0446774209        0.0000153874
      408.4000000000       -0.0415753008        0.0000132699
      409.2000000000       -0.0386821962        0.0000114394
      410.0000000000       -0.0359846148        0.0000098576
      410.8000000000       -0.0334698816        0.0000084915
      411.6000000000       -0.0311260940        0.0000073120
      412.4000000000       -0.0289420796        0.0000062942
      413.2000000000       -0.0269073549        0.0000054162
      414.0000000000       -0.0250120869        0.0000046591
      414.8000000000       -0.0232470560        0.0000040065
      415.6000000000       -0.0216036210        0.0000034442
      416.4000000000       -0.0200736853        0.0000029599
      417.2000000000       -0.0186496658        0.0000025429
      418.0000000000       -0.0173244619        0.0000021840
      418.8000000000       -0.0160914276        0.0000018752
      419.6000000000       -0.0149443443        0.0000016096
      420.4000000000       -0.0138773948        0.0000013812
      421.2000000000       -0.0128851393        0.0000011849
      422.0000000000       -0.0119624924        0.0000010163
      422.8000000000       -0.0111047015        0.0000008714
      423.6000000000       -0.0103073258        0.0000007470
      424.4000000000       -0.0095662177        0.0000006402
      425.2000000000       -0.0088775040        0.0000005485
      426.0000000000       -0.0082375686        0.0000004699
      426.8000000000       -0.0076430369        0.0000004024
      427.6000000000       -0.0070907598        0.0000003445
      428.4000000000       -0.0065777997        0.0000002949
      429.2000000000       -0.0061014171        0.0000002524
      430.0000000000       -0.0056590573        0.0000002160
      430.8000000000       -0.0052483390        0.0000001848
      431.6000000000       -0.0048670429        0.0000001581
      432.4000000000       -0.0045131009        0.0000001352
      433.2000000000       -0.0041845865        0.0000001156
      434.0000000000       -0.0038797052        0.0000000988
      434.8000000000       -0.0035967861        0.0000000845
      435.6000000000       -0.0033342735        0.0000000722
      436.4000000000       -0.0030907191        0.0000000617
      437.2000000000       -0.0028647753        0.0000000527
      438.0000000000       -0.0026551880        0.0000000450
      438.8000000000       -0.0024607904        0.0000000384
      439.6000000000       -0.0022804973        0.0000000328
      440.4000000000       -0.0021132994        0.0000000280
      441.2000000000       -0.0019582580        0.0000000239
      442.0000000000       -0.0018145008        0.0000000204
      442.8000000000       -0.0016812165        0.0000000174
      443.6000000000       -0.0015576513        0.0000000149
      444.4000000000       -0.0014431048        0.0000000127
      445.2000000000       -0.0013369259        0.0000000108
      446.0000000000       -0.0012385099        0.0000000092
      446.8000000000       -0.0011472952        0.0000000079
      447.6000000000       -0.0010627601        0.0000000067
      448.4000000000       -0.0009844201        0.0000000057
      449.2000000000       -0.0009118253        0.0000000049
